8192
1
1
5000
0.25
1
21
5
28
538
47
1
42
3
241
83
5541
1034
298
5437
26
3
97
2
5359
4
1
5504
7
1
4
5400
1
22
1
5
5113
2
18
3
1
765
66
79
5
5405
1
5457
11
5539
14
8
5412
5
2
5
62
10
5402
9
5474
242
1
34
350
33
5453
5407
5
12
445
3
4
2
5515
1
1
3
1
86
3
18
16
1075
5417
1
3
56
3
185
1
5
37
5525
1
3
135
30
27
1
208
5429
540
9
111
1
3
5427
5380
19
1
3
8
9
5498
4
108
3
5219
143
24
1537
1
19
19
1
5496
354
1
42
6
5490
19
33
1
9
2
3
222
3
5471
2
377
36
18
68
5525
6
1
11
6
1
33
5
3
666
21
3
1
5496
1
3
6
5572
290
337
16
191
322
1
1
11
15
484
7
9
306
5397
149
8
5461
53
18
1
32
5213
5610
179
1
826
49
292
2
308
5413
1
5416
1
108
535
4
25
5399
60
5
5422
1
5362
415
5379
23
5
5396
1
2
5
22
44
7
1
9
3
5582
140
170
21
41
11
3
22
1
9
940
1011
1
333
241
8
68
3
91
4
5
5397
17
903
1
1
2
8
425
5466
1
14
52
4
5527
5
5246
5284
6
1
4
1
5346
6
5416
2
17
153
142
918
341
1
6
5310
9
4
5
5430
2
5361
1
5249
2
1
76
16
1
4
523
32
5344
27
841
30
133
5396
83
279
5
5228
61
1
6
4
5413
433
5435
5329
5384
6
1
1
1
141
1442
1
5291
427
1
609
18
1
29
2
5304
1
1
3
2
2
1
9
5447
3
368
1
1
5
5622
793
10
398
5430
6
3
5405
5292
5479
1
5386
7
5308
1
1
1
9
1
5490
3
4
6
1
162
1
58
2
1
31
7
47
8
6
5270
54
8
52
1
30
1
3
3
562
2
2
1
1
405
1372
27
1
290
5455
76
135
21
5420
1
5450
5
4
115
34
21
11
5459
3
715
2
1
5
144
5474
5425
3
2
5300
3
1
468
19
6
1
7
248
5364
14
10
5377
937
3
322
9
5404
18
62
36
1306
25
5358
602
285
5388
21
1
1
71
1
5424
5406
19
1
1
1
1
624
5239
554
1
43
285
3
6
5472
5479
5465
3
14
2
227
1
5428
287
207
279
3
1153
5447
1
2
5537
13
7
1
199
17
5360
2
86
5307
2
1
189
829
75
1
27
1
1
5382
9
1
133
1
2
71
19
106
1
5558
2
9
5416
1
8
15
11
5465
17
21
5634
4
32
5
2
18
5508
1
5499
6
5407
1
282
28
11
5
5600
46
4
1
11
1
1
2
5534
2
5543
132
8
6
1
2
5269
30
3
468
1
32
1
2
32
22
58
71
114
1
4
5422
5500
3
1
5571
1
7
1093
3
63
854
5367
11
153
5376
5
5541
399
16
17
4
815
886
5342
8
5
4
4
2
2
1
17
1
77
67
4
2
2
5
94
18
4
750
1
9
2
1
49
12
8
62
5547
11
4
11
1
2
387
1
805
5377
1
139
2
32
13
698
2
1
36
4
749
203
5564
5618
541
1
5499
1
18
1261
16
29
5387
25
5569
7
168
11
5437
37
10
6
19
143
5451
182
1
5463
36
3
9
5478
5410
118
1
3
3
39
39
747
5574
58
1
2
61
2
1
3
4
1
2
9
5562
5499
1
52
1
8
524
34
139
84
18
1
3
1
5520
5411
35
1
1
1
1
561
9
5
3
5484
2
12
4
2
4
10
11
444
38
356
79
1
1
3
5629
32
38
6
4
6
33
1
1
64
1
6
769
37
5356
8
17
293
17
5476
1
32
185
23
15
225
230
11
6
5
6
267
11
3
38
687
5449
458
1
45
1
18
5460
371
185
2
348
2
1
636
25
4
2
5496
22
7
8
17
5466
7
11
1
7
1
5
150
19
1503
1
5395
5441
1
5530
2
5624
485
99
2
5279
3
1
10
1245
42
16
760
1
3
5404
334
136
8
1
5319
2
245
6
244
29
3
5426
6
5
1
5494
5308
832
16
12
2
562
54
22
29
1343
71
5551
2
5496
5611
6
10
5462
55
4
4
1
1
1
396
620
4
4
9
184
1
5
5510
1
1
3
8
2
14
5545
554
1115
36
5417
56
5350
163
242
642
25
2
2
2
3
309
274
5377
1
5453
85
26
2
10
13
1
5402
2
492
5477
1
5591
1
2
2
1
1179
1
7
4
10
5450
1
1
57
30
9
1
3
3
3
2
11
20
5623
5434
5
918
5319
15
1
1027
2
136
663
1
355
46
5449
20
1
5458
5429
5486
5454
5
3
162
5443
85
169
3
5458
3
4
1
155
1
2
5382
142
6
1
24
45
5527
6
5531
2
96
604
28
111
4
5
1
5481
108
5372
1
9
5428
4
1
5342
5454
2
683
5
5507
4
12
5388
5443
15
420
255
1
5472
25
277
135
5318
1
137
2
2
5248
1
7
4
451
1
5298
69
1
2
1
4
4
4
15
73
1
4
1
7
60
2
723
5421
4
9
12
9
36
7
5340
6
1
5413
293
57
5403
1
5285
27
22
11
1
3
2
21
5375
5
1
5314
1
44
5335
22
159
2
259
5339
6
5322
1
5
3
2
2
5246
419
392
112
5
4
482
31
602
24
5278
1
45
1
7
11
1
14
5
5
7
5368
13
1
2
234
8
699
1
9
1017
120
82
86
1
1
1
5481
2
4
5
2
5
15
1
1
685
26
2
37
5378
2
51
2
613
324
1
5245
11
5402
5
22
12
47
5251
5384
5184
2
7
8
1
1
17
27
14
1
238
6
514
1
246
1
5336
48
65
5346
11
2
17
5336
53
23
1
3
321
25
1
49
10
1
1
2
181
17
56
5436
43
22
19
57
128
5387
1
1
2
179
14
5479
2
1
2
2
2
8
822
1
1
2
1
4
18
44
36
78
57
184
3
1
1
102
122
5471
72
540
3
84
6
1
5302
5
5368
1
18
15
17
201
6
2
21
5344
184
973
5297
181
183
1
1
249
799
31
1
1
17
208
7
61
34
13
11
4
1
1
9
5212
1
1
3
5363
4
125
5376
5200
23
5
1
706
12
5401
5346
100
14
1
1
1
9
61
8
7
78
4
2
1
2
3
392
1
5390
45
52
1
56
314
1
1
1
1
21
2
5
10
2
42
5373
227
1
5367
1
5402
2
1
200
4
172
49
5227
65
28
6
5
5324
1
81
5383
1
1
6
6
20
1
11
247
6
37
8
5601
40
17
460
49
8
1
29
5251
4
9
5389
2
7
256
5
4
7
2
5432
1275
5404
5250
1
6
1
6
43
3
1
5
7
39
5455
5273
8
5417
5404
2
673
3
5293
172
3
1
1
8
5342
40
29
9
1
1
5360
5307
1
2
125
2
268
28
257
3
2
1
1
3
26
455
5
38
41
238
5586
22
1
511
1
23
2
2
5085
474
1
5583
468
126
5318
3
6
1
3
21
1
21
677
1
1
5
5342
1
1
1
11
2
5399
203
2
119
21
82
19
1
741
245
8
5309
1
21
153
22
1
107
6
203
2
857
713
5
649
234
5241
5439
662
13
948
1
3
5317
3
5323
5288
5557
208
1
830
140
5405
24
60
1
406
1
4
11
7
1
3
12
1
7
2
3
5349
334
5249
1
5382
5411
238
1
6
2
7
1
5512
5246
5581
15
14
5372
26
2
2
1
5334
11
7
583
5487
1
1
1
1
51
5
57
13
1
5422
17
29
24
147
6
5415
14
19
5
5411
10
31
55
1
1
2
208
1
11
3
5379
862
2
3
6
5
62
294
5470
5
4
312
5372
13
3
16
939
66
807
31
1
30
9
8
5263
2
7
3
5
8
13
5546
53
3
478
79
4
33
5436
5471
1
12
7
1
502
12
12
32
1
5251
2
55
4
11
6
5380
1
11
5350
36
384
1
6
64
3
78
3
1
858
862
6
2
27
713
2
6
1
6
17
5241
17
5444
5329
1
931
667
2
5455
18
9
5
1
5454
1
5400
5464
3
672
5357
28
560
5614
5392
27
913
1
5344
5487
5565
7
98
1
5277
1
3
92
62
5509
4
8
5452
168
161
144
4
4
28
3
5622
5367
18
15
376
5498
5529
5353
17
95
155
5442
74
24
65
38
5
5465
1
5
5391
116
5398
4
87
2
5431
347
1
3
503
5457
13
10
5608
5384
4
3
37
1
7
8
12
5365
7
6
5555
2
5302
28
1
40
4
1
245
31
1
31
5499
4
24
82
3
1
1
1
297
134
2
1
2
32
5427
5386
23
1
5486
6
841
1
45
239
176
11
1
42
218
225
2
1
9
5415
125
364
8
9
5421
14
2
1
7
1
1
208
7
5
8
5198
1
3
2
2
43
2
36
3
3
5515
1
5432
25
1
1
4
1
25
477
27
454
5553
51
1
1
702
4
2
20
53
3
186
352
99
74
2
7
1
3
21
5603
46
5486
1
2
5453
5579
5552
2
276
1
41
6
2
58
5472
2
1
928
1
1
5548
2
16
1
1
1
2
367
4
13
11
93
15
69
1
128
31
204
5356
4
3
4
3
475
132
5454
1
67
8
5396
1
5
838
70
5379
5451
623
16
5471
68
120
34
42
5582
1
19
120
1
5413
5528
5385
5473
5351
19
13
4
130
5
5469
4
8
4
1
5191
3
1
6
1
5485
2
1
17
24
4
2
74
135
6
7
5330
5393
5489
49
1
3
5443
175
5394
2
1
6
2
5476
290
4
38
5388
2
2
1
5374
5498
3
860
1
81
13
1
81
20
9
3
10
436
8
42
253
277
139
8
1
1
5419
1
37
5497
23
174
72
1
73
15
2
568
102
6
1
55
4
2
865
5378
6
5416
37
53
1
1
1
1
1
7
2
591
5252
40
896
2
1
5376
18
1
5295
1
8
19
1
213
5
5
519
3
1
79
10
1
1
2
1
5398
609
1
415
1
1
2
13
95
2
5393
15
101
118
1
5399
462
2
405
5252
13
4
42
51
14
49
453
3
5338
3
23
1
5162
5
1
79
742
1
2
71
31
1
1
33
2
7
5540
139
3
33
90
162
37
14
2
1
1
493
5346
5437
87
10
506
12
3
1
38
1
14
14
57
18
1
6
7
1
19
1
1
550
1
45
896
240
6
8
5374
1
12
10
141
2
11
1
1
1
115
134
21
83
23
5410
75
23
1
5398
5576
18
5443
4
650
5504
14
113
5299
35
1
146
332
91
20
2
4
3
5453
1
6
5370
36
6
1
18
14
1
17
5565
3
5416
3
568
48
5411
32
4
25
1
1
4
11
18
209
273
147
41
11
21
5522
9
1
30
53
16
1
4
408
1
2
1
19
3
26
23
2
5391
3
130
14
1
5
1
1
24
203
55
1
24
1
1
2
1
48
5404
2
5410
1
5327
1
15
5531
9
1
5360
5399
18
2
160
3
4
61
5360
4
2
1
18
12
32
35
5
1
1
311
260
63
54
124
287
5357
1
1
40
140
2
1548
218
8
8
629
553
2
79
5
402
207
5425
46
1
3
1
1
6
2
1
2
5317
3
5323
5334
3
5458
82
173
13
19
1
2
52
7
38
2
48
579
1
49
66
340
5566
540
1
3
5352
5400
5296
1
5418
5267
5387
83
239
11
5
5481
2
1
115
4
1
1
1
19
20
2
300
20
6
5
5276
5
48
88
65
927
2
7
5
5458
5425
69
2
1
2
294
9
3
2
7
1
1
45
3
2
3
7
2
5349
5293
1
78
109
449
1
1
5393
3
2
1
23
1
3
5337
286
5467
7
20
33
17
5493
31
5541
1
5
13
5435
5402
1
31
3
378
12
26
72
4
126
828
55
641
1
6
15
3
1
1
1
1
1
5178
23
93
285
55
10
5384
4
5440
176
56
5247
83
13
104
3
49
5444
3
90
11
171
1
2
11
838
241
2
146
18
76
7
6
2
1
2
12
302
5
3
8
1
5
1
12
1
13
46
5410
5287
5375
5
5387
303
6
565
1
1
2
3
1
5366
1
5527
9
5
4
1
164
2
5520
2
19
1
3
28
7
14
3
2
20
1
10
28
5262
5377
436
606
1
1
6
2
104
5569
2
5
2
1
5379
7
1
1
1
2
20
1
1049
17
116
58
5
573
5540
5470
3
1
5624
59
9
12
5543
345
42
29
195
1171
1
1
3
1
2
3
19
417
41
5384
5491
5516
1
5423
805
5308
43
3
22
6
5489
1
1
2
42
4
5449
1
2
27
1
304
2
6
517
1
21
7
2
4
414
2
3
1
1
1
5475
56
5641
5
5485
49
8
5536
25
2
5366
19
5574
2
3
2
2
605
19
4
950
20
19
1
19
13
1
73
26
1
1
7
458
6
1
1
1
59
3
1
5446
371
3
5
35
2
5578
29
14
5508
5
5
42
1
17
5506
53
5349
579
37
2
8
1058
47
5481
5609
5576
2
2
13
6
3
6
2
396
155
5505
823
3
33
104
6
5588
2
1
58
12
1
7
3
183
1
96
14
3
5392
5454
3
329
1024
1
2
5559
840
4
3
4
1
112
1
6
5618
728
27
25
68
5379
5535
10
1
2
10
5523
1
8
227
1
3
48
1
5502
1
157
7
13
25
112
1
1
1
86
37
1
5540
2
34
4
1
5475
742
5491
5665
1
16
5488
11
1
65
1
26
5568
1032
5497
1
32
274
1
1
30
3
5526
5
3
4
830
25
532
5623
8
5464
22
1
20
5695
1
21
297
3
39
5475
1
1
5654
76
38
45
5
11
5613
572
8
11
2
3
5
80
5452
2
80
69
7
5459
2
5532
1
2
25
2
2
5597
4
512
73
5546
376
2
4
2
8
5406
5392
14
1
1
4
25
1
5
5531
1
31
6
683
524
68
7
70
822
378
114
37
1
5469
4
5377
208
5
1
1
5480
1
140
5468
12
5476
2
2
358
21
6
4
12
8
5477
98
5702
29
6
2
5535
3
220
10
73
769
15
39
22
1
2
2
5533
308
2
1
77
1
1
1141
35
928
993
37
89
2
5607
962
1
875
5604
5513
46
3
207
5557
5467
10
19
8
5513
5464
16
1
17
4
5425
40
66
5529
67
5531
5379
1
5562
1
28
12
12
15
3
2
4
3
4
1
5540
6
5
31
5612
671
4
3
3
5658
3
1
5456
5657
119
1
5412
1
411
61
5366
1
1
1
5524
61
5510
5720
518
15
5450
1
1
1
67
5442
6
3
5567
2
230
78
5529
1
1
5459
5595
2
18
3
5471
106
1
25
1
8
10
5
1
70
4
129
9
221
2
5
2
5814
19
1
1
67
2
90
5322
895
27
300
2
3
291
1183
3
1
13
158
20
5493
1
19
5458
107
1
4
5592
1
72
42
658
1
1
46
5412
1
58
3
1
135
696
1
138
31
31
511
5501
1
1
5438
92
5
8
1
2
2
3
5324
1
612
25
1
12
14
19
5
6
7
28
58
82
5284
67
5309
20
12
4
5474
2
8
1
1
5
4
8
698
68
12
4
1
8
5425
16
5458
1
1
3
5384
597
8
1
1
8
1
5396
9
455
910
246
103
12
1
858
4
6
53
3
16
19
12
1103
310
3
544
5430
31
5430
1
12
19
36
10
1
12
5444
66
7
144
955
26
59
2
728
4
2
1
5289
5498
1
2
5276
1
5454
86
5350
184
1
87
1
2
5407
5
5368
1
115
1
6
1
142
15
1
5397
3
81
1
2
23
65
4
5344
1
2
61
50
1
3
49
165
3
921
5371
9
1
5479
129
3
8
3
1
3
137
5392
15
130
2
39
5268
5423
2
212
1
3
5639
7
44
1
529
2
57
21
474
6
5518
202
4
1
2
5619
18
8
11
5440
3
5432
7
5
754
5405
61
351
5386
2
28
5499
5339
18
2
183
41
5323
5
12
586
44
5502
1
10
1
5495
5383
1
5
5360
3
4
1
9
210
11
10
5512
5495
5411
5428
25
1
443
5344
15
32
5242
48
216
5361
244
215
5519
273
49
12
182
2
4
5434
2
23
31
147
91
5
5
90
1
1
8
7
3
9
2
22
187
2
34
78
185
5534
6
70
5533
20
1
2
14
5490
5445
9
11
10
3
26
1
1
5296
3
7
3
1
1
5
5716
4
523
5351
4
4
11
22
2
5503
1
464
7
1
18
1
6
26
1
1047
1169
292
5
4
1
12
5531
12
5407
9
29
5501
5468
2
1
48
12
5393
5495
9
2
118
1
5352
100
2
5
66
16
2
2
94
151
4
1
264
3
16
1
30
5393
643
1
28
1
4
4
1
3
3
1119
1
5
8
15
101
3
4
1
1
5354
5273
70
1
9
5439
286
2
106
1
1
24
29
6
4
1
6
2
381
150
2
1
1
13
5497
23
5423
24
3
1
1
23
6
1
5448
13
8
2
845
12
1
469
5627
1
24
5471
1
29
154
123
8
15
9
4
9
35
3
50
11
1
32
1
3
14
5
238
97
5397
18
538
1
240
4
2
5382
5487
5443
4
1
100
9
112
255
3
6
1
17
167
2
35
145
5432
483
3
7
1
286
3
95
2
1
78
584
197
76
59
3
1
10
61
1
5345
43
465
1
69
16
4
132
20
5435
260
5437
19
713
2
1
5505
5373
11
5487
5497
118
5482
57
2
6
5252
5403
40
6
3
1
2
133
5416
1
3
550
5477
5
5473
3
116
14
3
2
5476
6
1
4
30
11
2
113
5
288
1
5205
3
6
80
383
248
26
1
1
31
12
16
123
1
213
5
1
3
1
13
5348
1
300
963
30
7
3
5326
2
3
1
57
8
145
1
2
5355
1
2
91
9
168
3
9
5424
48
5427
1
111
47
1
1
34
5439
2
496
68
5332
1
4
5267
68
455
1
205
47
216
9
5441
1
2
5
3
3
2
5529
19
2
359
1958
6
5205
21
5
5381
1
162
1
5387
84
317
261
215
3
78
20
12
50
54
38
32
2
115
6
83
789
1
45
6
251
3
73
23
1
27
2
1
814
212
5
9
262
2
1
5430
5449
106
31
1
5548
6
1
5426
33
1
5321
9
1
5470
5562
1
5
57
2
423
5486
3
5377
1
1
1
4
5241
42
15
5414
5303
6
61
5
5671
77
6
43
1
5391
2
5427
26
1
5501
43
229
38
5300
27
985
1
1
1
6
15
1
5470
4
1
5065
1
1
4
44
5435
14
6
1
383
1
405
3
1
33
5336
5415
109
40
406
140
3
5382
1
2
17
45
5379
7
5336
5369
7
74
1
38
3
5439
5592
34
5409
10
2
13
10
5242
5512
32
2
14
5582
5515
34
2
183
1
315
5363
11
4
2
5457
5
1
5334
5329
6
4
18
16
6
812
23
1
7
124
25
3
118
34
4
155
1
9
402
1
5465
492
653
16
37
1
26
90
51
1
108
1
18
5495
1143
2
9
95
5284
303
5
5274
3
5381
18
1
663
2
2
97
1
5193
80
4
1
6
237
5592
8
5236
33
1
722
5416
21
17
19
9
4
5442
5436
33
680
3
13
16
1
5417
1
15
13
357
5496
8
5268
1
1
5321
5318
5294
46
5386
418
636
15
5527
5
5448
5420
83
78
915
492
1
35
21
132
13
59
4
5351
471
5395
2
12
5476
56
27
4
2
1
5469
9
28
15
58
16
1
1
5377
4
1
42
43
42
5442
82
85
1
2
3
31
5
75
10
5535
87
66
21
4
5222
5
2
483
5345
815
15
24
5428
12
23
5370
48
1
14
79
21
5640
6
3
5360
3
5487
664
57
5496
868
2
15
1
7
4
1
1
11
178
8
1
5387
1
5299
166
5
568
9
615
5
402
5443
5507
87
4
5
4
55
5533
3
191
5393
5
2
8
5474
82
15
91
5525
12
277
324
5451
6
96
7
9
2
5
2
1
5
5317
1
19
135
5444
26
10
1
2
1
5456
30
1
29
14
1
113
4
14
2
5
2
1
5451
1
299
5593
5
1
2
153
3
11
756
12
5562
24
5366
1
5
5
2
438
1
2
21
6
5509
145
5422
5397
2
118
1
310
126
46
5523
3
5480
7
2
1
5508
1
5510
7
29
91
9
2
1
68
30
2
430
3
1
20
22
1
6
1
1
54
17
12
3
15
7
36
5448
70
1
5367
4
1
2
5
2
5
4
1
8
33
1
5533
136
5471
33
5427
16
5334
46
2
5377
1
1
1
20
22
1
1
31
6
4
1
2
5453
5
1
1
5386
2
95
5403
5502
110
29
1
2
1
64
3
200
5550
34
444
2
15
9
76
25
33
5448
20
2
5332
1
5214
3
9
5509
5
527
1
1
4
42
5357
5341
97
7
87
1
1
22
5
1
2
26
1
3
5260
6
5299
1
520
193
12
1
11
5292
5356
72
3
162
5406
1
5412
8
2
1
2
2
5429
4
17
10
6
1
1
5511
5422
8
1
1
4
3
5434
1
2
12
5
2
53
5433
38
17
5283
11
20
1
4
2
5486
26
5497
5276
2
153
36
3
26
12
5376
1
5255
5418
104
5471
7
1
49
2
5503
5320
7
111
13
2
5504
1
10
2
7
5553
5362
601
18
127
813
1
1
5
2
42
21
101
128
5330
5394
18
2
2
17
27
1
173
4
27
27
869
6
1
4
2
5525
139
5395
1
4
9
4
1
2
9
1
35
5486
4
608
635
8
3
49
1240
5532
20
5309
2
5378
502
5472
38
1
14
5319
2
61
1
5390
79
5490
259
22
5328
5507
637
1
565
1
5372
4
3
1
764
5446
1
3
27
1
5305
5562
1119
1
16
3
43
15
5584
9
492
5
1
4
74
6
5528
1
4
13
13
288
7
5317
5297
950
87
57
5307
372
145
199
226
460
1103
1
5354
106
79
38
2
7
5423
5
350
5445
88
4
7
2
1
14
5
542
1
10
2
1
282
5340
18
1
75
6
794
5323
7
1
15
534
37
155
142
5435
5323
1
4
5463
5447
414
766
113
5404
5554
12
3
1
8
89
1
3
2
5389
5442
34
2
10
39
1
5441
3
1
4
7
3
3
2
14
1
1
38
3
5542
123
5461
3
5373
1
5411
556
84
5202
5386
3
198
6
6
704
1035
1
114
2
75
1
15
1001
6
18
8
3
31
1
880
3
16
5443
5408
1
2
5414
11
1
137
14
1
2
120
189
2
710
1
6
7
1
5428
1
5542
1
4
864
440
1
7
1
5476
1
5230
156
24
5435
122
1
8
5278
1
5554
5486
4
5
1
39
309
2
751
1
42
1
5316
24
1
5406
4
44
2
1
1
4
10
2
3
49
2
5491
1025
2
670
10
2
277
5418
3
8
2
45
2
329
5581
4
1
15
1
4
650
1
15
5331
5393
1
5336
30
244
57
39
311
968
64
140
9
3
5575
10
14
328
5491
5381
1
2
5596
47
3
990
2
5471
5514
22
20
2
356
44
30
1
147
1
5505
5349
5428
2
1
1
83
12
4
248
5537
82
4
2
1
56
82
3
5452
1
45
5298
633
1
5623
1
1
2
40
380
2
9
3
1
10
46
206
1
731
341
2
10
75
5346
5449
5384
1
10
39
221
2
7
41
8
1
284
1
136
362
1
2
5446
10
3
3
79
4
708
4
293
27
1
92
341
82
25
32
1
1
5537
2
2
9
5382
32
4
4
5
181
14
27
5435
10
5301
33
4
6
31
5298
5297
5444
357
1
2
5351
5
1
11
3
10
46
74
20
144
1
7
5
7
5522
16
29
1
2
514
6
2
5353
2
94
8
144
5350
20
122
5489
2
5493
440
1
5505
993
1007
1
41
154
12
3
5314
25
272
16
5340
1
284
1
1
3
15
747
3
5449
1
5389
31
5196
5458
658
149
2
4
23
2
1
57
1
756
927
1
697
5
15
1
5351
1
5578
159
40
5279
2
2
5
8
5457
5566
2
26
5522
1
1
2
5584
3
507
5328
5253
642
23
1
34
437
7
1
146
334
5486
2
2
5455
113
118
1
5439
5346
1
1
5352
1
28
703
5378
646
5475
2
214
1
5574
52
1
2
3
1
114
1
110
356
1
2
33
2
1
5585
5445
5
47
12
1
1
338
6
4
39
2
1205
78
1
1
1
2
855
15
28
5287
3
30
142
9
134
73
3
3
2
9
5568
1
10
18
5514
1
9
12
721
8
5
5
9
560
5464
1037
6
5492
1
1
5446
3
1
5
5467
