1
1
1
10000
20000
0.25
1
2
57
39
1169
322
1037
10177
561
3
142
333
63
86547
1336
15
1220
198
43
86679
4623
115
86117
64
704
1924
50
28
86270
63
7
5
210
8
2
202
86584
15
10
6
86785
4
35
105
7
1245
9
86
4
86876
85923
44
3
7
86440
34
4
22
25
38
40
34
51
130
4
9
146
86952
214
83
62
87488
103
29
46
9
101
86618
1938
61
13
86152
56
24
1
86660
86210
87308
86756
3766
10
86787
14
3
31
424
21
106
24
2
35
86416
13
72
86751
482
4
667
2
86525
342
4
2
86690
86518
2
924
287
86686
7
63
56
3
46
328
649
102
12
87139
86143
57
15
6
86461
122
86435
72
4636
86281
86205
515
118
6
273
79
20
240
13
584
683
43
29
569
105
9
86654
87123
10
87155
322
6
1
123
12
207
15
1253
1378
1
6
17
86224
61
1
194
1142
22
12
54
2
185
86156
58
26
166
86761
3359
14
3
3125
7240
57
87156
2198
6
11
5
14
1
16
2
5
135
882
6
209
34
11
13
86
15
200
1072
937
10
86742
402
200
87016
86804
255
5
2196
11
8
2
86930
20
228
172
2
3
7
10
29
24
4
5420
3
12
1795
26
87265
2215
15
39
86428
86148
8
35
7
86467
86838
86426
86151
101
4
266
14
170
306
86619
47
3224
72
217
210
54
48
86356
2
37
157
146
101
33
85757
11
3677
87012
86716
22
446
126
2258
25
86034
86502
337
79
87066
4847
48
24
5
86298
22
86329
62
5
14
86644
86204
87186
180
17
10
1
770
86925
1780
150
28
86827
277
1
59
898
3
131
4311
11
86646
86312
3
37
4344
4
459
86659
7
15
933
23
3124
68
86386
3
35
28
34
34
2341
34
39
440
86306
86671
1
3
28
5
10506
86452
15
5
15
85842
198
6
127
92
1
9
1
948
8
86429
22
1
3
87075
740
14
8295
87057
16
574
1711
86724
4076
123
30
1
86696
87652
34
146
2
8
21
86665
6490
5702
461
2
86313
32
1
3923
2961
86685
86477
16
86248
86444
86588
29
27
4024
6188
47
86221
49
5947
87320
191
11
2
3
316
86447
86434
6882
86800
87
2718
87088
87007
74
86833
42
1
5
120
23
109
20
79
86731
3496
9
290
4573
86912
20
87137
87091
8
20
6520
3178
139
2388
86382
43
86700
86474
183
134
86807
507
75
134
69
1025
108
3
16
47
76
9
4
4930
632
86399
18
86602
86424
98
86097
142
7
35
98
282
2
239
2921
93
86526
2081
333
101
318
86680
49
86575
38
86953
102
182
2021
1381
86140
86402
86940
9
43
56
9
6689
107
13
94
86833
86752
5
3099
10
1
22
1
4
86672
19
86615
3
12
2
79
19
2810
86392
253
16
87270
99
1354
86905
86651
18
51
86899
1328
86301
4356
7
5519
5289
16
23
253
29
303
602
4843
6
1791
22
33
57
25
87068
103
7
6632
2
5428
87082
86607
86289
215
97
35
23
11
730
1
86723
11
86940
6683
2
1
86420
86
42
19
1353
859
86531
202
1
15
274
15
72
86090
4
86288
480
44
90
1075
13
13
99
4172
86248
86094
2
448
502
3680
86146
5
45
6
17
86524
5
86436
1
54
4
86898
86720
19
18
86727
10
465
24
2
2069
14
535
56
14
933
51
4555
186
248
27
324
86598
9
4
7
74
86492
1225
7
5
91
8
9
200
7
631
87285
87095
33
87383
23
12
6
69
5648
994
43
41
6
87039
43
27
3
50
1
4
65
9
604
15
36
86284
1
86519
3
56
39
16
86789
115
309
9
3
87021
116
127
952
21
86411
86363
86871
86482
86572
3943
216
87635
86738
1
15
3
87060
529
1096
25
70
8
19
87317
6
166
94
87040
4
202
135
1804
87004
9
86690
87298
87160
1
129
92
87
86944
702
8
7
87014
3
30
96
86953
4599
431
10
72
47
2
10
23
971
24
598
3
2
15
5
86393
491
437
574
219
120
563
13
86475
4269
86427
10
168
7
86590
60
86785
13
7
7213
38
80
9
1210
196
122
13
86727
6
640
11
86698
7654
86797
48
15
10
86691
348
62
170
6495
86128
19
13
54
26
4
2
127
31
993
86525
87122
11
18
87093
3
87257
45
4308
230
4
16
72
86179
104
26
40
147
223
222
11
294
5
4
129
25
32
911
116
85629
588
8
429
3952
115
82
86293
86667
1
11
41
1376
3
3347
38
8992
1009
47
46
87117
198
3563
9
8045
11
266
780
22
358
25
3
96
86757
41
86624
155
10
86661
86478
86484
10
50
86768
126
7
86169
58
311
3
18
86996
39
86746
3
435
3
9
26
15
11
67
86124
72
11
85
52
646
362
12
1797
86704
1843
26
86626
86310
1
5
285
323
8
87150
58
86325
2
5
2
12
10
36
256
9
87036
12
2651
19
30
86489
20
86979
86597
278
96
17
988
18
63
821
156
86842
157
6
14
290
3
145
9
8
6837
8
848
8
86847
145
3894
3
332
1
328
11
3
427
4
343
1
1
600
86664
87604
5
1444
1
114
35
800
9164
86606
7273
6
20
2
86665
34
435
15
86467
222
224
33
86541
133
86903
4118
8
86792
3437
5
517
100
181
34
90
86367
1
1794
86987
220
3
5
86727
668
3
87184
86917
86607
674
86661
86826
90
291
76
708
2
7
437
86909
86608
13
1
27
296
255
2
86637
4
324
86824
843
7
16
86755
3124
8
1611
189
6
86927
86517
13
86562
1
6
29
3461
237
69
86593
5216
142
86303
17
17
4
86589
4
11
6
86609
142
84
86349
10
177
87039
8711
3221
43
14
86864
86511
345
272
86182
1706
68
179
4
210
6
87193
3
20
76
213
8
25
8
246
450
86595
24
87
18
4
35
401
30
4173
391
55
3
7
13
13
117
56
86671
86705
1763
86689
9
86776
30
85762
15
86744
1
4
38
310
136
17
85467
5575
165
86573
289
937
25
4224
453
2
6
1
3
86719
185
412
3293
933
4839
200
2009
86369
149
7
8
86912
18
22
82
7
85927
87580
87037
2340
52
1
35
763
19
158
86621
55
21
47
27
87047
86783
12
6447
34
44
17
87715
36
14
86386
86573
64
206
14
37
2137
7128
18
3
15
506
86779
39
48
3350
16
5961
86681
25
7
3
3
1152
2761
7002
87047
5
51
32
86649
7
33
46
2820
1535
86806
103
87229
86055
85920
2
86812
2
4531
15
3
5
2
58
103
86729
1
27
5
1467
86822
88
11
97
7
14
87041
10
86740
16
6
86995
2
86420
99
879
5
3
85
80
30
325
4096
5
144
5705
5
86388
2
90
23
5
86230
5
13
9
5
8
27
83
58
87328
95
5
73
134
86397
14
26
86840
175
158
5
3294
1348
15
24
5428
4
529
37
86361
23
80
86542
1
21
2
1069
66
86773
208
2
16
86980
9
387
27
6
40
179
96
2982
21
15
507
7
305
6569
46
9603
585
421
96
4
86106
8
223
42
46
7135
86215
6
86257
145
5164
102
43
2998
86315
5
2363
29
32
6
25
86825
167
86741
77
3
1357
154
158
10
165
121
10
44
128
3494
10
86156
86172
511
3602
5
86592
5
245
4620
8
82
86518
2
7
3708
6
535
1
8
313
86889
33
1432
27
116
5
15
1061
5
11
9962
2
12
86143
1008
1
205
4
10
1072
583
32
24
50
156
30
12
14
218
24
76
395
86215
86719
22
110
979
7
47
20
5
50
2509
86744
4128
1
29
1939
436
86817
3
1
319
334
86791
52
6
5897
46
6573
124
378
5
86266
68
86129
4
2012
121
3721
7
2
15
86134
86269
588
86294
250
86708
29
86521
86959
86359
58
3739
495
86766
2616
2029
515
8
3
16
19
34
4
12
166
93
397
86434
309
271
86724
1
4
4
236
122
86320
4529
36
86514
37
87203
2
520
87472
115
87039
4
4953
42
490
345
917
31
2072
23
13
10
739
6274
114
18
3
2940
229
24
30
19
2
3
6412
4
5434
17
6
10
1
87086
186
691
85969
1
6539
2345
87273
86947
20
86469
981
229
76
144
86042
78
21
79
710
182
86847
1820
7
3
25
3341
233
6
143
5
7
86933
86406
86771
13
9
50
41
8
114
71
12
59
986
38
86649
8
38
44
126
87044
85
5
4
88
86931
4835
18
10
14
31
9
87240
86758
86632
4
87
18
2578
4
86869
2
86975
8
5
214
121
96
10
2
86990
1
13
86380
86325
86878
4
631
964
4557
10
122
6
11
4975
1
3337
193
7698
128
3
5444
86531
86185
76
145
181
86910
12
360
86670
341
17
2
364
4116
86667
171
1241
183
1
2
86812
86676
2397
2339
5008
3389
86917
221
4
172
86680
66
113
659
2
86700
4047
69
26
504
56
461
24
358
12
9
249
17
33
830
19
7078
5
87057
4
3
5
86545
5
4725
86456
112
86835
9
4
2
138
17
1294
251
47
86525
2
86320
2
86563
4610
86420
237
5
15
5
2314
14
4216
7543
238
16
86482
85
10
101
1933
97
4
6
9
68
30
42
26
77
22
5
3992
87260
9
7
9
86156
86940
1
10
358
86517
380
7
5
57
86186
262
789
207
121
4
86582
65
64
6506
9
86597
86883
86458
573
163
30
12
87021
86694
506
21
49
86597
30
1
3
10
2
17
7
522
10
86540
29
229
11
5
940
87
86527
12
249
87146
8
86290
14
11
86485
64
116
86357
86453
186
142
4
3811
79
7
194
87010
175
61
86839
598
52
37
86809
6
69
86062
87065
2144
11
31
21
10
13
7
227
286
25
4670
86375
4706
32
6
6
653
8
17
179
7
163
37
22
86915
14
86474
4
65
86354
97
419
2291
14
86823
41
299
6
75
38
11
2583
38
49
86321
86914
85650
6903
765
79
5
206
33
7
248
60
45
521
6632
1342
6
86963
86606
86606
1
19
316
34
130
15
16
145
16
16
6643
1
118
86232
106
366
72
3
16
27
2328
888
7
86461
684
4013
3
86799
1
134
222
3
29
10131
127
97
87018
93
80
76
16
5725
110
10
85929
4
2298
127
10
86611
6
16
86627
6
12
10
1
3
86653
86679
87009
117
86424
2
102
13
587
76
423
218
3
20
157
392
7
13
87
637
102
15
115
21
87035
119
86480
103
247
11
9
86930
87169
67
11
53
86713
86003
86736
11
8
7
253
86829
110
86454
86282
3
28
14
85
86675
873
86811
84
86060
5
2798
27
21
7
3
86640
86998
22
87014
54
18
86770
16
23
86637
191
73
17
86854
8
86676
111
86812
58
17
395
2
86539
86873
86677
265
86615
4
86923
270
98
40
7
16
18
187
87072
11
2
50
85834
11
64
56
86208
27
46
13
4707
86481
5
4862
2172
162
86463
4458
210
1
86441
86939
86444
86745
12
432
42
8
4150
86213
10
58
133
16
35
917
192
86992
174
412
11
5963
12
6
5
86623
22
21
430
2
56
366
5175
2
86354
10
49
171
8
11
152
2938
68
86592
20
86807
7
17
594
2
400
517
5
4889
1296
15
163
87279
87331
269
86830
72
86224
237
105
83
38
19
86445
68
86790
11
143
102
94
86914
2767
67
3761
10
451
43
291
3
87121
53
86357
6
86818
66
86828
9
45
85816
29
86551
128
263
86974
8130
286
448
294
1
86734
255
10511
60
10
2491
88
87007
370
342
88
233
29
464
1069
4
400
10192
13
215
42
5
86230
86111
25
334
86399
2741
152
72
86805
14
1
22
123
69
30
86624
87117
2
162
5
26
86536
20
39
2513
411
260
8
1560
185
3
79
54
104
1
5
1562
3906
361
86946
15
13
223
3915
25
52
4
210
150
49
92
221
4
5
430
318
3
87005
624
77
63
5883
9
22
6
31
86290
86628
11
391
87043
45
20
11
36
19
7
87039
2
3
409
1639
45
140
48
155
90
132
27
51
86080
82
944
266
86764
9
7
87027
1
204
1140
71
86938
4
33
86690
1
25
86004
87142
5087
86530
2
7
86107
45
87472
17
111
56
181
87065
2
3622
539
3567
127
6
4
86669
2
490
48
86306
87164
4
536
579
5
888
13
86480
5
20
1
11
7
2795
85847
19
86035
21
4280
16
15
86736
148
1779
5
86410
14
4
46
4417
85845
86645
86171
70
47
86621
5
17
85709
685
188
86715
6
7
12
42
23
5728
86634
540
52
86668
347
245
86632
86633
4
86865
6
58
2690
3
86891
1
87179
9
47
61
219
4
133
5
469
101
2
8
501
86904
284
87033
7
3
57
90
279
337
271
4
394
78
5
26
98
3
33
16
557
86821
184
155
10
4956
1
6
2
86745
87075
1
27
221
3
35
86938
790
83
40
87
280
86833
6
98
71
4179
5485
7
21
86724
4
60
4
82
16
86882
18
57
86795
1
351
86515
22
86615
8
86792
54
4
1
861
86958
13
86969
16
86676
1661
2167
1
291
1
14
43
458
3949
3
2
108
760
100
261
86643
5
2155
61
356
11
86827
59
2379
174
23
30
96
86381
4
19
86877
187
646
86100
737
9
874
45
5985
6
86815
2
84
6
87281
9
28
86734
86289
2
509
86427
85885
744
87058
8
2
30
19
86936
106
23
8301
658
335
19
86704
3462
151
4
4781
4
3517
5146
62
50
86987
28
2560
4
86867
7724
652
1
141
147
11
86845
86628
15
18
302
56
3
86069
14
46
136
86695
36
86723
2
7
7
31
3436
3
253
36
53
104
711
23
2
6789
86534
146
10
44
8
10
51
1481
2095
6328
120
86566
12
2892
164
40
329
24
145
17
148
194
17
87220
695
86475
2
87238
2
37
329
86770
86910
3
3
2
12
10
86501
86606
2213
36
52
4528
86636
22
760
22
3
86414
6
5
86469
15
86817
85943
9
34
86297
86589
6
155
22
86295
1181
324
86762
86552
2
4424
58
8
7051
2586
177
87033
86354
1215
56
850
944
6366
10
86605
86765
5287
18
1
1
217
86731
9
216
292
9
171
7464
87014
85335
167
2
10
52
3
134
86595
1
139
24
80
200
23
3
46
34
11
86777
55
17
29
86612
480
93
143
4
103
118
265
40
4
33
12
87164
10
452
4
4155
413
5138
352
350
13
10
6257
2
256
25
7
13
202
35
62
86043
26
86658
1512
3
86892
78
183
304
86305
86425
86986
4
86539
4
18
86243
9
6
4
182
1067
86763
61
1191
2
3
18
153
2907
86615
86539
176
86735
6653
3
13
9
22
5
37
11
6839
367
12
87361
38
2
3774
86515
13
2
23
17
5
6405
278
6
6
86543
1
236
1
205
9
95
1440
48
28
95
86235
3
1769
86050
1122
1724
4381
635
22
5
8636
291
9
6
86711
191
3
86603
111
87079
19
87280
35
87014
3
10
86623
210
86607
318
86767
86528
402
515
11
1
87547
191
22
87193
336
297
45
83
11
3207
125
3985
444
10
3204
132
67
2
86020
7
87297
86831
1174
423
81
9
87373
25
2813
11
10
150
231
35
87120
9
6
329
5371
221
87022
2
2114
1189
86762
173
86867
66
86914
146
2
153
35
51
122
287
69
3243
86712
86501
26
12
5
265
270
4
99
15
496
86244
4855
3001
2524
183
2
75
2349
102
19
322
15
41
15
86513
20
1898
53
5
36
87011
86128
86307
112
389
1
10
87430
2200
124
86263
191
599
136
3
3
634
86926
17
59
6836
4
2
35
2192
140
86269
87002
18
27
180
183
22
18
16
4320
11
2
29
134
87109
86093
86692
86262
52
86851
3
85782
5158
2429
1449
1212
286
668
142
142
4829
378
86450
246
4027
1
60
209
5
85875
58
7
43
5454
32
13
11
15
6
10
10
7
49
6017
22
86685
8
4777
200
86527
151
33
9
38
26
86397
86703
78
87136
56
526
101
495
15
86326
8
2
85872
1628
15
2298
1934
8309
6
2983
2
14
105
10
86756
87145
44
86343
21
7043
86865
2
86414
4
3
49
141
112
39
5
86391
3
86656
166
86747
776
41
2
512
37
505
3
117
86502
755
86938
7
4055
11
86787
63
4
5821
4
56
86159
8
1
86475
119
1367
83
7
867
85886
7
5
6
4
85683
52
33
4
111
14
17
120
726
3
86239
3
3437
3914
16
58
86649
2
53
87008
86205
4819
25
40
55
247
2
6
716
305
5
86683
86967
85854
54
20
86932
86839
5428
86802
31
18
86894
198
4
10
15
87485
86517
86951
5244
28
275
86570
6806
81
41
260
86868
116
12
15
86321
86524
194
97
86706
77
149
1244
15
1
86224
3
14
84
2445
3671
905
1722
87338
7
930
87084
86467
1182
86364
113
5
870
86327
86780
8
15
3739
4694
10
104
15
1
7
94
86294
218
2714
78
5
3720
78
2
4
86875
86610
4
366
20
17
86322
11
86744
1702
5
1
450
16
51
1
86626
86136
5747
3715
86684
1
18
29
86443
13
92
4812
86980
1
4
86591
16
309
77
93
86637
19
10
1516
6
79
86588
2035
50
5
12
46
86522
511
6
86570
17
86764
30
11
3
9
100
25
7
71
558
3
72
28
4
216
2
86628
4584
13
1
85966
60
86572
107
908
14
3
18
592
86489
3
1845
209
1
86782
17
65
23
86472
1
4
799
241
93
8
86975
86815
81
10
86564
405
86964
22
3899
1376
5
3894
11
5
86603
86892
2
1752
3
5
11
319
1
86794
8
378
92
1
23
48
1
133
86317
219
86640
10
10
7677
151
51
5
170
5
8
2004
58
93
7
68
143
87386
56
86647
53
87008
86645
81
86318
10
26
87016
35
3
311
1
1
86428
86571
8
4
86787
910
180
1
6
2453
4
85978
27
7
86239
370
2
16
8
86471
65
86371
86291
4488
86136
10
38
86809
88
19
86231
21
73
612
86402
87254
8
378
86304
86625
4792
203
39
7160
10
107
105
87064
1298
86675
325
86323
4766
9
94
7
1
1
10
86632
4
180
4
38
86653
2573
219
864
60
717
5
86692
43
1
78
6469
6376
2205
54
8
6
1781
2
272
1
3923
21
87191
9
134
2810
45
362
86815
189
8
1093
86986
86718
109
1167
1536
1
87227
198
20
304
12
688
3
63
86694
8
86277
10
1
35
15
2
86072
1
536
86743
62
86204
4
184
3109
19
4150
86419
893
4
12
87245
86796
1
85327
8
86365
121
184
1001
7
6177
7388
14
5
7
27
7
70
130
6
7690
8
3
827
11
12
21
76
19
18
3
86455
282
24
30
39
42
13
1
64
86532
45
86418
86308
3
3
2
6
46
41
86913
12
498
2945
18
5
2
3149
86641
86931
86877
86915
489
14
86459
251
224
2147
87629
86574
4841
132
14
265
3
86523
86332
86522
34
3
9
580
18
2
9
1752
2037
76
86939
69
1369
21
2
1
10
2454
40
6
86241
33
16
6340
10
54
3
31
6
1607
13
88
1115
17
4
953
11
8
65
85543
250
41
86439
7432
36
51
1
86422
86537
19
1464
8
51
86892
2
1
8
297
1
86930
9
40
383
87195
86726
84
1137
10
104
86211
69
87259
87047
107
87031
6343
8
3018
10
362
86265
462
3
5912
87179
6
48
39
4
45
6
213
12
86203
13
358
89
16
9
23
1669
86651
13
87173
21
86491
51
47
86108
14
168
247
2
7335
208
4
1267
941
87322
7
59
39
1
3
4
8273
86149
86472
3
86868
4
30
23
52
12
1667
20
8
85
1
910
19
2641
76
3
30
86788
36
86230
7
162
9
104
6
36
167
86411
12
6
86621
7538
1064
689
432
86123
3
6468
16
86584
146
8
783
446
29
77
6
8
542
6
3
5884
2
186
30
86021
151
2
34
86706
80
86651
7738
12
8
500
1292
1521
13
2964
5717
10
2793
17
45
342
67
672
86087
86803
479
86844
1
336
86989
86945
37
86311
86745
40
207
351
43
21
118
9
86587
86492
86427
60
9
143
86235
7
5
6
86471
47
86635
87
86575
4141
288
27
18
552
7387
86699
85887
297
8
204
8
83
354
636
86612
14
10
11
84
86719
1
86982
131
56
622
12
660
137
86295
3
86575
15
1
10
86370
516
475
86703
8
4149
11
86814
86511
86622
205
246
814
86471
83
16
474
8
71
2611
87023
86265
44
87225
217
87
2
6962
86947
3
4164
7
86469
65
324
151
523
19
445
55
86332
19
12
263
15
192
87065
20
8
2
9
481
86254
3
8
20
87194
50
2983
8875
87231
8430
49
86799
86366
86222
17
86643
2
12
6032
22
86415
4
86948
38
45
2
10
2
46
2
86675
101
1
5751
86975
86689
71
20
8579
46
431
2214
13
455
389
8
86436
5554
86309
21
5222
3
4
11
363
1
2365
200
7
3210
837
4
7
2
149
35
139
13
3052
8
86294
5602
86537
3
86067
86151
10
58
6
156
13
86208
2
234
2
4
1537
15
36
28
5
86701
33
7
87032
440
471
4
86202
86467
86614
171
1751
287
464
1
1
86677
2062
8
26
168
86310
86331
87
86967
5
123
27
14
21
64
1178
119
114
170
1
2859
86600
184
33
21
86771
86164
86912
29
36
86557
86545
86716
2990
2
123
2
3
69
136
85941
49
177
86508
86781
3
71
51
86287
6962
322
8250
8851
398
254
187
44
86876
285
5
21
86751
2373
3
108
557
32
263
8
245
7
6
30
86999
5741
135
16
65
86623
123
2746
110
176
1
317
231
288
13
86356
587
13
75
86664
21
11
122
55
89
5
14
15
280
327
1553
63
13
93
11
1
502
86999
43
6
16
4
14
13
252
11
13
5235
26
78
3535
86690
3
70
26
179
86405
4
4151
1398
5
101
86913
85993
257
562
5445
144
86862
1357
87258
30
737
67
3273
47
324
86695
86203
6
22
86084
3
212
86612
2
86973
6
86394
486
25
41
86746
86707
86812
6
289
195
7188
86400
857
8
86597
18
8247
22
318
86123
355
8
45
20
87449
1087
378
86839
4900
18
86386
309
1
11
1
2
140
226
5348
17
13
31
1291
93
260
7
3
79
86391
3454
297
86833
3349
5
5
86575
87344
1
86617
86991
86932
16
3
15
86648
199
12
86583
87392
3
143
86750
20
2
15
9
179
388
12
10
107
86540
30
42
87161
10
65
23
14
99
35
361
2277
132
5
48
1465
5
397
2250
86935
45
10
3089
31
2
86839
86344
48
738
2076
86986
40
84
22
69
19
197
14
86417
1
3187
3708
64
179
33
112
80
86465
87348
5752
223
196
50
259
86302
1006
4
8755
362
29
634
100
82
10
46
12
16
52
1
138
86997
7834
18
86352
46
75
15
86621
4
694
17
470
86803
2500
44
1
86978
85948
85963
54
261
89
86311
4
87239
71
23
97
150
358
57
29
31
4
113
86617
5
13
86871
66
86579
86991
38
86446
42
430
930
17
7542
2
50
2
86719
1467
86414
7
86620
7
86958
3393
87075
5
54
3
86547
87259
2
86957
87
3534
3820
3
86365
390
256
570
21
22
20
87180
2098
86768
85871
125
12
7
86493
147
86495
4
132
87063
3
206
9
8
26
2
821
3
499
131
5
86706
16
15
468
165
25
8
184
2173
49
916
16
1247
244
2
1
43
289
13
30
378
52
48
8272
11
86345
86719
135
7
86775
85968
258
4
1
9
4
188
24
323
86418
1
1441
276
18
86532
184
86799
3
1610
29
12
1
109
22
41
1744
9
5
86143
6
86053
1585
5303
86896
1640
87108
86386
17
12
87111
9
9
62
86981
4
14
153
1006
3632
47
50
86348
3
192
47
86665
6
14
1180
115
126
181
10
87283
87119
80
86459
87149
11
56
3
119
87104
278
27
475
33
2
67
157
2627
608
4265
7
114
28
12
81
7
86735
86732
86148
87195
5
4686
247
85
631
4
17
155
857
86802
10
5378
3
74
86807
15
3
32
14
21
7185
86693
565
3
66
86183
22
7182
12
86350
86802
7
45
5509
87104
86854
22
86427
43
221
86842
1
282
5
21
86724
41
56
86047
86496
15
22
4
225
5
366
3183
238
2633
86543
86942
4
1
7
1
1
6171
1544
19
4
122
86579
574
219
23
1
4
1546
86735
115
87270
336
86422
86325
40
33
9
142
86307
86225
1089
86781
86828
59
2
178
1
3
6309
42
2342
86309
86445
107
7
171
86853
53
27
86750
104
35
25
21
86181
7593
6
203
5
4793
86945
86679
39
86390
70
551
1
86799
10
10
25
1922
9
53
91
86135
3
85656
1531
62
86541
15
4766
86523
9
37
275
28
4712
115
129
168
86469
454
270
2948
10
86331
115
4146
1318
313
150
13
548
6
606
39
15
4
344
86721
21
2
1
2
3
87148
86325
86443
86093
292
92
3957
30
5
41
133
3678
5738
3
2
5
26
17
420
8
10
217
39
23
5
1070
434
19
12
42
6
217
2821
258
1
85595
86857
34
86679
6
16
86159
86327
86107
242
86272
3
86742
51
5858
67
111
2
45
86282
86399
309
12
48
9
4461
86630
50
86583
87068
55
4
153
349
87147
50
24
10
90
5545
86929
228
141
101
87012
7
706
76
6911
86912
5
208
113
14
7
23
26
87167
470
310
25
86433
167
9
236
5071
89
86621
86566
20
21
39
5
2
51
12
282
3281
15
123
86489
87278
7
41
86776
2
236
86956
19
193
131
86745
1604
227
8
26
8
248
31
25
551
166
86792
6
86897
5
3
87360
33
349
86430
141
408
10
126
58
205
77
45
364
14
16
6
34
8
165
7
86654
9
28
2
87137
2
87028
18
6433
37
31
37
86619
55
45
86476
86386
87154
6
34
490
86353
9
869
1
86723
63
243
86513
4
86082
20
9
67
9130
77
86768
86066
138
27
3
2
45
86559
329
141
86632
33
2
2
17
41
86934
8047
604
86758
86222
86280
86555
39
86609
22
6
119
2
264
86427
131
624
86278
49
222
10
89
117
61
414
86417
2246
30
3
201
11
107
4775
1354
15
2063
85
47
2
16
46
86259
86355
7
24
6
6
17
95
86381
16
87355
44
242
76
8
86902
21
1
87289
4
7
276
86460
86345
913
86961
86798
27
4898
15
28
6
412
41
86577
42
4072
17
86613
3
429
86828
93
2
1
22
53
1981
8
86711
106
26
86172
191
86335
35
5
16
7379
16
78
4055
10
1267
11
1
2
52
459
17
7
86919
5
86886
122
373
87010
375
1
20
86788
3
87060
1959
86709
87153
2882
6
1
86555
11
431
4730
86677
1
86747
86482
86736
27
10
64
86389
266
10
86789
13
6948
6
7
12
1
21
47
359
153
5871
86735
21
3
6
9
47
1
146
46
86943
136
262
4533
86974
196
123
16
86074
6770
109
86250
1
252
5504
462
117
86330
86958
306
155
5
41
7
86755
236
74
4459
10
4
109
21
49
592
31
49
45
111
86895
86590
299
1523
57
86468
87168
426
516
1
58
35
742
268
52
47
85895
35
2
86453
9
18
59
87165
59
41
3645
16
555
1997
86347
1731
34
9
87569
86707
86950
4
49
33
86030
6550
86316
3196
86635
15
6
114
8
87127
3
6
11
686
3
2655
86461
2
86540
86355
2255
11
123
86462
1
6
86333
19
540
166
86457
102
2321
4
2075
86274
70
5
86052
877
19
25
2
173
86319
104
43
25
16
87014
42
28
127
41
20
6
3
39
86532
86482
29
541
6300
100
8
8
87197
6477
86734
86484
86343
83
135
87243
326
86249
41
4
3389
3
520
8
86239
137
86917
17
25
54
41
5
21
50
86661
4
87224
14
82
87022
1
46
351
132
29
544
206
1826
624
2530
237
64
121
34
86246
14
16
86697
75
86291
1096
894
86311
2056
12
980
205
5
86713
87033
4
251
80
19
17
563
285
86712
225
86093
264
21
11
53
86715
87081
291
83
86529
86403
16
86781
58
2734
21
7709
86574
19
85750
54
86649
166
7
13
5332
5039
56
3
214
195
23
14
2
91
1679
8
86427
9
5
1
25
13
5574
5
19
343
205
85831
36
4
1491
5896
7
8
99
548
7
4
30
347
2765
340
13
176
86632
2
158
5
4
86705
86483
64
16
8
350
86672
202
98
57
86042
16
116
18
757
1201
33
141
87200
104
11
87010
86912
151
86168
86809
638
37
86759
86278
52
181
7750
10
2
2748
3881
87144
290
88
686
21
20
86965
28
146
7
12
262
18
156
86166
159
3
20
86672
3
87030
9
3
3
1313
4470
66
115
87070
1
52
1409
55
4
266
86750
3568
2
47
86603
4379
6
26
28
86844
414
20
1
7
86491
86621
3507
120
23
1
3
360
5100
142
86567
1172
6
33
43
86425
15
29
1965
40
10
62
1031
10
295
231
60
87800
86359
86453
803
18
2
4
11
8
6
577
66
86538
87177
3
273
24
86369
299
691
59
10
7981
43
33
1179
86738
26
27
101
86622
125
86224
87379
4
2646
4
86870
166
1
52
7
65
1
86912
3531
86552
109
86550
12
135
114
86557
5
6
2
21
115
11
86854
15
56
4352
5785
6
5
54
2570
60
221
25
2
1960
1445
21
118
3
119
86086
44
2
40
301
4
3818
86697
1315
10
86535
7
86634
86590
116
13
370
12
5826
20
24
1
58
86269
4
22
13
52
11
57
5318
7
81
95
2622
749
14
13
32
86473
15
276
86795
86995
86553
170
101
26
7
7
86131
1
11
5
87096
85866
30
1
16
26
20
41
2830
1
164
28
4
7
9
86548
2
8
86573
847
205
6529
112
5847
1217
5753
994
10
322
256
14
1
6
11
310
84
86631
33
86185
3151
1
32
89
537
45
319
269
86828
66
86548
86530
17
15
19
5
33
86894
5246
21
86445
13
9
87245
801
86790
834
32
1
58
86921
332
296
7
56
442
5
5
87047
2
43
98
6
240
55
86808
805
1
8
15
7
3267
83
86445
46
257
3237
99
73
9
182
87102
45
70
36
9
2
5
46
553
9
85783
36
12
71
86504
75
2285
17
86697
3
1
2
26
5
86649
86973
4
20
3
94
86927
6
12
201
232
41
86595
47
6
98
86564
4407
5289
46
22
86711
16
87286
7
24
9
60
87199
4438
13
86757
86301
45
86497
86859
36
44
5182
6956
2
6
86537
86721
2337
3
6
86547
1
30
21
24
20
7
154
10
34
86410
20
15
220
15
388
723
8
102
96
95
63
86160
86921
87211
2
232
86960
87007
15
13
86060
8
679
86952
2
86264
293
125
16
4
1627
43
1625
86390
86915
86746
6
7
53
146
107
86377
83
87078
52
86695
3025
91
86806
86577
86216
5
3
32
1
4
129
4705
9
11
29
44
3723
55
86812
87195
536
29
1
38
16
4539
2
2
3
86696
11
87294
1108
3906
10
21
1705
5840
86540
43
86317
51
48
82
86638
414
17
8
922
86607
4
87032
1
2936
86147
9
29
133
10
73
20
332
55
86740
26
86731
22
84
293
7
988
13
85742
1
18
5
146
3536
7
5573
86501
32
51
5
1041
84
93
13
1801
37
3
63
87000
86963
548
91
851
4
86946
14
54
85957
98
32
261
86482
35
36
39
11
6
198
2
1
8
25
2
11
48
86702
5221
5
86043
27
1242
264
86341
1014
22
4500
20
86371
5
4
14
86302
58
6
87
307
3
86623
52
29
33
4
14
86436
458
91
57
8
1
4160
108
86672
8
9
4630
32
15
86718
18
53
64
37
86738
2
99
229
2
86579
64
131
86911
30
36
439
35
2
86766
2
8
20
453
18
87045
383
4
28
6
2
187
289
3850
991
707
87158
2
4
86729
10
22
80
108
1
87043
1
86532
238
113
86470
87136
86237
1820
18
95
86855
86565
86555
931
4969
86325
12
68
87083
86872
60
4
7
1362
3
4
86411
487
1691
2
3
86746
433
98
120
22
4834
555
170
87154
51
86510
86204
100
2226
261
60
499
87066
7149
11
169
1
17
31
7
86737
5299
5
86178
86258
3
85822
43
86724
6831
4
86931
15
4
86950
86302
86607
2523
1051
38
13
87125
34
3
12
1
17
44
36
81
28
4
2182
41
87575
136
86756
86517
86535
31
9
86667
86745
146
86582
413
3
2
1278
2
1
1
102
86327
1372
77
86859
8
33
86877
8
85923
831
31
102
4
18
86514
109
1
4811
5
87039
21
721
87301
77
4
8
400
112
40
8
7407
4
11
8
11
15
52
86615
4012
33
463
202
319
10
86688
98
12
26
1054
4690
86285
64
1
23
86554
29
4634
87562
1
86686
68
679
3050
40
36
86444
95
86297
87018
3
86704
86242
16
87169
123
710
67
86223
6
87063
8
4
1
19
1042
7
12
86624
5
2775
20
87143
147
2082
24
96
394
7357
9
2
5
133
5381
86417
8419
86619
3
54
1
30
86394
4
98
251
92
142
87403
28
146
85909
36
3
233
86059
24
3
1
70
163
59
86308
87313
1
86183
86969
1413
86880
25
86684
24
3984
2
29
9
99
1287
27
707
178
39
3661
284
31
43
86690
4149
2769
13
41
3
7
1337
4779
86742
225
86424
3
2
396
17
46
28
3323
67
1
6232
87336
13
86
22
4020
7
1934
539
8
4
32
86893
28
175
16
13
9
559
13
1
4701
6184
10915
2
21
22
36
65
13
1453
8
3
85917
16
86713
19
14
424
35
7
90
256
86655
5
1
87167
24
125
58
159
3623
508
8
156
405
70
583
19
12
62
86341
53
245
86912
4984
86780
1
215
1
86313
7
86616
75
24
87170
7
86565
78
48
24
97
3
86935
7
6350
85957
1875
88
86436
21
2860
17
325
58
44
1
6
234
1
329
8662
86806
10
20
1010
639
9
59
1187
1
12
678
1
147
872
15
16
10
159
136
6
2
213
134
86957
11
6
55
100
69
9
13
86006
86573
2
86986
30
86355
86834
311
86973
7
86406
33
86339
5
4708
73
5
86937
86748
40
188
2145
589
1357
65
86729
4
12
864
37
86863
514
12
86881
77
4407
140
12
424
10
87089
1
591
25
151
14
86411
10
1281
125
21
3
7
2091
86792
339
362
103
87033
86730
5199
86215
14
39
8
32
86837
86461
86718
16
423
8
564
2203
85995
502
86402
19
380
1633
8
291
86549
86720
14
86581
2913
1830
27
133
36
105
6
32
4610
2
14
3
86345
5
1803
4
598
86947
4715
11
291
26
2967
5616
463
54
4
27
24
37
5
4
4
86222
317
213
1302
418
7
24
45
87318
1302
2656
13
86742
86024
86505
86598
18
559
4821
28
125
86427
86052
199
3652
9
3
9
86155
799
1
285
1
250
6
6231
218
6
86236
2
6
77
27
86839
6
20
3658
22
3133
86326
321
72
6
86262
4639
3361
98
425
28
3
20
86505
2339
86401
1
86522
86852
45
97
240
74
4
86378
147
3
41
86555
192
41
86747
86274
12
4635
10
86353
12
74
6473
87670
1162
86846
1
15
65
5
39
17
51
2
5
9
25
977
9
1386
6
141
20
87089
86550
4
51
220
89
17
55
495
39
18
15
1
108
5
549
21
86
15
86595
86737
86795
23
426
12
54
86286
219
4
348
218
87475
133
23
86588
381
17
1255
86862
10
518
86
321
6052
57
17
85
86112
86499
2
86855
24
86204
86682
86678
86052
2203
86690
14
9
5
61
5849
130
89
109
241
21
3
3
14
107
31
421
9
2
8
35
54
82
93
2
85893
86120
18
87019
1073
87224
1
6864
2
491
14
13
1207
4
30
5
203
2945
10
57
9
591
87139
111
29
87413
3
2056
49
228
35
31
86087
8
439
27
6
14
9
17
87029
100
87270
72
237
16
40
504
16
17
86322
35
9
6
2408
86372
86845
7635
1537
16
2
86757
8
28
33
55
22
126
754
4
12
86466
2
158
7
9
2
28
14
36
72
102
35
8751
86493
2679
11
4680
2
45
87249
15
54
101
450
112
86778
86686
86188
2
194
572
51
4
18
40
21
7
1493
856
164
11
57
6516
86901
1
15
2
36
86879
20
45
11
22
86855
86305
11
86579
86223
8364
9839
86
6283
284
1040
2
8122
452
5
86378
86665
87006
4
86802
17
86341
2
3
6131
87118
4850
4986
4
4
7
6
12
7
1103
6
77
5369
34
86205
617
222
2
88076
93
16
85749
2
4
21
4
40
10
86356
1153
6793
9
27
86476
7
163
2525
95
86861
40
49
2933
168
43
87032
1394
1
86441
86869
14
2
2411
1
87
86910
86654
14
71
39
18
11
1
39
87300
14
86930
771
37
195
312
87161
287
3677
30
86713
29
1
3805
86557
139
86940
5
2686
177
345
703
7
16
38
7
87362
4
184
2488
1
50
144
86535
187
86494
153
4
5249
1512
19
18
863
191
25
14
2
28
86750
123
62
54
1
22
13
87411
87029
6
7151
196
106
86238
15
286
209
2837
6168
86575
86426
1739
23
4
86989
36
86747
9
445
16
6788
2
86
263
42
86929
2
3
82
2
11
9
35
1564
185
441
5099
5
86680
18
117
85536
51
23
45
66
92
420
8
882
86017
45
86856
86891
86754
29
660
1238
86053
12
85733
16
128
11
6
200
31
3
86736
17
1
79
424
86437
3498
6227
12
31
3196
2
57
5810
68
2
45
585
86343
87273
87404
3
386
3709
4
969
3457
905
5
56
87006
10
76
3
11
1662
1
368
86555
8357
15
431
3
4007
59
86376
6341
86733
1
86661
10
87330
167
6
15
8
4666
21
86927
284
52
86744
87502
140
18
60
86102
3828
11
12
61
280
86935
4
58
86665
361
352
2
95
3
3926
3
94
26
185
5
4
1952
350
1
337
1
775
303
86281
537
1993
30
2270
86441
16
86222
79
133
70
86850
86230
87078
86827
29
4845
16
3
5
5
132
1424
13
6051
86787
621
34
86434
19
1318
183
41
86798
79
82
4
5
1
4348
224
86824
35
162
13
211
86974
18
56
31
13
8
86479
86272
6
142
204
10043
3
1362
86041
626
64
2
86053
222
36
86851
180
86837
8850
86515
3
16
21
32
4
5
85907
2
86
48
11
14
1612
86918
10
5202
86888
86698
9
10
86560
87319
204
11
39
87148
240
1
8
9
497
87416
8
86836
86594
14
86911
4641
31
86824
86476
86363
4
313
2727
13
7630
86637
91
99
1951
109
21
58
4403
15
1924
86311
6
19
57
43
4
4528
86
1499
86234
71
90
24
9
1132
86632
86332
20
116
2
74
86530
2
13
20
86775
1
443
90
86796
86738
14
12
8
34
592
7
54
1321
7
6
9
86583
19
87145
13
100
1
67
9
9391
11
2960
359
86556
21
110
26
141
53
266
338
117
5
87498
86625
2049
929
59
663
1
86611
54
506
54
1
7
2822
67
85995
1
67
72
86367
184
24
16
8
86821
157
9412
1
121
8
35
86441
703
79
5
8
3091
27
22
352
30
12
86400
31
257
87090
20
86569
32
4
3
12
55
2864
6
8
15
11
14
85
103
1
86959
21
4177
16
1091
1
8458
86598
86865
271
1536
67
1
471
1
3
6046
25
6
86973
87122
198
86364
344
86349
7222
14
99
17
14
1
27
257
12
3
86139
86503
86387
130
10
86803
8
86459
8
86518
1
29
3037
86952
2
3429
17
16
302
9
1082
86682
35
3
4364
569
3836
6
86440
86309
6
19
5
182
7
36
68
86882
3492
86530
918
8
97
26
5
299
54
86435
86652
55
137
1878
86559
2343
71
22
17
4
5
1212
8
114
87040
27
301
682
86377
8
223
37
2
86676
126
63
44
86682
6
3
86662
7
136
247
663
86557
18
86360
86503
28
23
2
5
47
18
93
86473
8
250
16
8
86866
86741
10
7
86781
85994
258
57
62
13
38
1
1375
17
68
6
423
86784
4514
86308
144
3
2117
86903
79
1
187
86585
6
87110
86519
86717
4250
25
237
1
86089
4
5
436
140
86158
3
35
149
175
335
86498
107
11
63
86786
28
49
20
18
54
87065
86288
232
2751
91
86580
87159
45
501
548
102
212
86397
644
86555
88
22
34
86141
86739
8
87115
86617
86181
14
2
972
27
621
5
1938
86361
35
16
86359
87014
17
86706
86264
87399
45
7
38
54
86779
5
5
86716
44
6
86616
108
7
16
211
9
86246
10
23
81
2
1235
12
1288
122
12
3
95
2
160
152
1919
18
87239
415
4
47
58
86400
15
3971
2
317
35
8096
201
23
104
1
69
87122
2841
23
167
87
86808
226
59
43
28
20
71
86383
112
452
265
86140
86318
8
86125
149
87080
1471
144
86130
2173
89
126
5046
29
1162
86622
57
66
5
255
73
2
86077
24
61
86183
3212
86668
2
86535
63
7
4
2
15
5354
3
2
86624
20
133
86515
313
66
3
34
23
39
86369
57
87
25
86657
86684
143
15
7434
4
86627
86463
6
2628
21
13
152
500
265
6791
30
6
162
21
47
350
86883
7
111
86343
4
85879
22
85955
12
5
5883
284
6
4
45
86198
1
29
20
28
57
147
210
9436
6
27
18
6785
4
526
146
683
86449
61
27
86745
87149
86156
9
5
86872
3
80
51
86298
18
85639
86279
22
19
25
26
12
64
101
10
1479
59
85983
86411
13
785
6
73
86836
33
27
1
138
86134
29
44
26
51
86939
1
86321
4
49
4
155
215
87
2
68
7
86583
156
23
5
472
86479
86272
5
5
52
86164
9
86616
86903
853
87020
86085
88
393
11
44
12
3083
2
214
42
258
171
110
198
23
1
14
545
349
1
74
86795
86854
86908
19
2
1106
50
105
8
13
147
7
1
5
308
370
86433
579
113
42
6089
86199
200
86714
86900
8
86734
86618
147
2151
19
1
58
15
86333
20
86681
15
7
308
20
4
2
85978
456
47
2
3
17
87130
2
8
139
86967
3
86486
14
15
112
42
170
2
37
87185
1
5
28
4420
86785
123
1
86422
86747
3849
1
399
7
4
15
1108
86808
16
49
756
86846
5
7124
346
86904
60
117
86781
24
522
86891
6
757
111
4
12
32
86696
3020
4
103
5
203
86337
10
4618
23
1636
95
86337
3831
274
1546
3
55
59
5217
632
17
536
86791
4
86770
273
65
3461
19
7
188
8
117
314
8
409
1
86374
28
1
86243
86986
21
261
4104
14
573
68
709
321
561
96
50
86229
9
570
439
5599
11
6744
86621
310
211
5
108
34
17
2387
5327
197
169
9
4
60
86660
874
4891
173
6
331
37
59
1
18
4841
86791
29
36
86487
86815
93
87474
8
86448
8107
86939
5
1335
5
194
1715
4
32
116
29
5859
4
157
146
2
37
15
3104
31
95
198
1
44
86935
83
1
1
83
87
13
18
14
202
86254
38
87082
86724
1
86509
5694
15
90
86663
1
102
6
84
69
2222
4849
8
63
86822
2780
296
3205
7
5
123
86480
1
24
1139
18
2680
1
31
559
10
65
86489
17
31
5
8079
6870
5
20
86834
19
856
647
7
5725
643
16
16
2
86995
85715
246
27
795
231
27
28
1
31
59
86732
270
24
22
1493
1
86815
1368
12
2770
86504
1414
14
18
22
6147
86624
12
16
12
87016
85983
7
60
15
86570
129
17
368
27
1269
5
36
324
86332
44
35
22
86003
5
107
69
26
86920
3
90
5
1155
22
186
53
2
3585
3
86782
2240
21
1
273
15
86657
86773
13
17
10
86812
180
76
1070
86896
86234
8
86830
77
69
59
776
86476
47
12
86384
201
1
17
514
6
85908
27
57
720
7302
12
6009
155
23
4
2403
8
66
86092
82
4059
7
256
70
2828
1163
1
86268
26
5
38
86158
1
31
86511
87181
93
7376
87010
8
86568
28
220
87214
86587
14
20
6209
127
288
83
86817
22
16
8593
60
2
4
14
49
86741
123
11
937
345
4786
14
5443
20
87219
6
86680
5
285
3767
1
544
556
20
12
12
1
42
2374
989
26
8
71
246
441
3
53
698
1
108
27
66
1
2
4251
4
2717
49
86782
1
39
86089
86142
766
15
86601
8
62
86363
6
95
10
13
4141
3
336
276
37
2762
47
46
47
291
334
7130
86501
1
10
1149
22
86956
3
86641
86688
8
1
62
6
2
86809
2082
212
177
51
49
6568
161
145
3
18
44
86147
86138
67
88
3
15
116
326
128
24
36
593
11
86228
9
1
739
89
1
55
37
490
1
595
17
7442
86109
86563
11
1157
86216
10
644
1
86761
11
496
26
86341
86938
87309
3
5990
10
697
68
50
5
1195
3261
11
87377
10
41
1
259
86290
86645
282
17
60
17
293
4
100
1593
17
8
207
86967
5965
46
87085
24
59
31
56
100
86761
15
83
86429
42
87087
182
8
20
65
86124
3
74
35
16
143
11
9
99
81
6
1251
56
87059
1
48
126
3
1841
45
50
459
17
86780
86387
8
4
647
155
70
100
86758
151
8
86635
5518
86845
86338
15
124
86566
845
86871
10
878
86921
86958
905
9
200
4271
86811
6582
131
9
7
32
10
219
2046
44
5
86858
47
59
86812
39
40
16
11
76
86637
1
86671
7
5
86262
1
55
4150
3
4
1947
6361
86895
21
552
2
86657
19
99
86694
86854
945
86673
7361
253
38
86855
150
86928
4016
53
46
22
215
1
86715
12
15
73
2039
76
148
86386
396
91
3660
48
4784
18
86737
28
52
3
3
86124
6069
105
86054
2748
392
86693
340
33
1841
6
265
11
27
3
8
188
86961
86290
24
2
408
42
717
12
1
86614
1
86729
86447
1
40
87506
335
6025
32
36
4385
7
87
299
136
248
324
7
19
458
86747
86783
18
86645
86616
43
85
53
86044
20
86322
4321
2643
138
584
48
131
86622
9
87187
86469
4107
14
29
661
102
36
86784
86676
6
5957
4
86438
16
10
16
3720
5
1271
9
86320
124
86699
565
18
86996
213
111
21
18
37
103
176
87118
8
87137
9
86797
45
229
1059
4
25
5543
28
87167
86831
7
22
4492
8
86930
86605
839
5865
174
4
86568
90
87149
4203
8
27
86166
86346
86448
86823
10
188
7
48
16
222
86564
5
14
24
86534
1
199
334
6
86386
86813
16
86559
229
83
5
87328
5
77
9
5
29
5
2
86662
54
4077
96
4
15
7
10
86946
102
20
86598
1411
89
46
86633
18
7591
86619
42
86633
119
772
1
428
3303
43
126
1
3516
6
16
4269
399
19
15
19
86699
2
108
3078
362
7
2
985
87000
1
86404
2
1
7
2
86539
86961
87242
5
53
86216
1170
59
5
5
47
23
17
1
87196
489
87006
36
59
3
14
44
8
5
86339
87056
86422
86131
17
577
86676
476
67
2757
2626
2015
157
2617
6
87
33
304
9
86795
47
87466
87324
143
11
4
86603
360
10
86547
1328
86672
131
86267
419
40
6
2120
40
86971
4
20
97
4
73
75
26
6
85
47
86577
85947
88
86880
87183
1
56
145
18
22
5584
72
36
86599
30
344
47
3424
12
86564
5100
6969
1
4
37
94
47
1352
19
1326
28
137
29
245
5
86938
672
38
139
40
19
264
114
211
1954
156
6049
64
194
87487
13
146
145
6
36
187
2934
2519
8
98
1823
4437
20
86842
49
1007
86303
87302
1
729
638
86496
87000
2473
78
13
135
86321
9
62
86610
31
3
86437
3
86728
86876
15
6269
86599
245
1
11
2
492
86702
701
1
86764
39
44
711
86139
654
2
27
231
32
13
33
40
59
4
208
27
3
707
32
87067
87088
86467
9
86171
4892
16
163
87030
86012
18
8
87222
1
7042
1
86486
87725
86263
2
86977
86760
1340
3
25
157
86735
86411
405
41
26
2
3
87107
4
54
87047
372
41
1
169
10
86016
4449
21
12
86445
21
135
23
22
203
86435
20
1080
425
571
86144
86389
52
13
7
7
1270
1645
169
86897
597
4735
3730
66
2785
330
12
4
11
24
304
336
5
77
86674
86841
170
86770
86637
86001
32
39
10
48
60
18
19
86671
1
7
155
86504
86532
232
73
38
261
41
50
86873
6
60
86234
87057
66
38
2
86983
91
6
41
6
13
7
131
18
598
13
14
35
4
2
86865
86062
79
86447
329
12
522
24
22
2
32
87061
86348
1
1218
21
71
7842
10
42
27
86909
86763
86899
86453
30
1
4350
4819
184
104
86898
10
191
6
6
86506
5
86278
86915
1
42
7
87294
6
135
55
92
66
86919
56
3
12
29
5
4
33
73
86985
1
14
2
9
503
18
7858
12
20
7
5
8664
26
226
399
86644
47
194
86989
6
153
11
12
87543
12
86643
868
6
95
17
50
156
85933
4
12
92
685
16
86562
1
10
1184
67
22
485
1
27
8
32
3498
3786
85
5
86857
20
41
50
5827
2
1
231
87207
5
7
20
37
41
1
9
25
86843
776
81
294
637
36
38
138
6
4
249
86927
86783
21
6
3
161
11
143
86641
24
16
305
198
86964
107
1
37
36
317
31
6
6
1524
4733
76
12
8339
2
86979
17
1002
526
86663
86048
86680
5
154
64
86283
19
17
86779
165
64
289
1274
4
12
11
1968
4
5
2038
1
159
86691
8
16
274
14
806
86958
48
87006
27
86404
107
6897
5
86467
14
336
19
86671
7
2
86481
13
86712
30
36
1
86262
315
16
9592
33
41
3317
3
3
121
86999
11
2
1
7
87197
407
3548
99
25
5
86583
12
5
86922
48
16
86029
8
5
1269
1
191
6402
20
4
722
86
551
5
415
35
1406
86307
19
16
86707
86715
86249
2001
86203
21
11
3
1427
6
2
5462
86222
86528
240
8
11
2
87265
86630
139
1235
172
13
7
11
15
86247
2027
4
21
4
183
8
1
86446
29
87006
86443
51
86610
86688
103
334
86313
414
21
30
199
86258
85968
3
86336
6638
62
11
72
64
86553
3
80
15
804
86986
413
6514
22
1321
21
428
42
55
6093
51
53
23
3782
132
4108
3441
86642
86339
86087
343
206
9
18
86
716
86458
85
362
21
37
37
6
236
14
86080
15
4
1468
86684
86781
537
119
86603
4
8
86670
17
3
173
807
76
63
36
112
36
86809
1068
451
14
25
699
218
18
4
40
86885
86973
247
87596
11
86923
210
1763
47
86554
5
86210
86741
86353
9
86309
14
575
44
36
12
2785
125
1
23
190
86136
1
48
22
744
64
230
1129
86587
55
1043
53
10
4
5
6249
309
13
374
26
86483
33
87237
86336
4
1
86493
267
12
104
11
86483
139
2302
1315
18
86526
7
41
87109
3
86248
86904
105
3581
343
184
3880
663
86905
5
4229
9
4
86310
4783
57
11
86704
3
6
5967
5
86633
86765
86633
89
515
86329
265
86830
18
6
905
315
60
86624
3854
6
86452
153
86380
4303
86647
1
86830
2
4
2
14
47
35
16
12
87330
3
3410
13
185
26
8
48
71
6
225
12
8
7
86958
291
30
11
5
9100
50
339
171
86436
86922
60
2829
86233
86
15
1272
124
192
2244
630
86220
5
418
2870
86575
241
86546
10
86862
2
84
51
86688
8
94
86831
10
30
37
86172
34
360
190
104
86964
83
1
86846
39
5524
12
74
4
41
176
12
1
12
86210
20
7
288
86597
19
4
87143
18
3660
6
44
10
5
86534
4
86913
1
36
28
86548
193
43
1
25
188
679
39
86919
86215
3
1448
1051
17
155
28
97
223
86767
10
379
3
2
86
1
13
86622
86403
9
12
6
86824
180
86828
20
11
6
86735
12
172
7
23
237
197
19
1
363
5
1044
3641
87
1750
86364
5
2604
87064
183
364
21
72
10
54
12
32
517
87001
206
86553
682
86873
1
1
5
16
86922
