16384
1
1
10000
0.25
1
1
21
7
75
2
3
10773
10680
1
10745
42
9
3
1
317
10822
66
1
12
3
1
62
6
11001
11
108
1
605
10842
6
4
10844
516
10718
1
3
62
601
11078
10748
1
6
25
10
11095
8
1
4
276
11122
1
1
6
1
10879
11141
2
38
3
1
1
29
104
3
1352
1
1
210
10929
1
875
4
10778
3
2
1
50
8
13
1
1
5
52
4
11229
10
11065
11156
271
17
11158
3
2
4
3
192
877
10774
25
5
10876
10821
6
629
2
205
10657
3
5
1
10709
491
48
12
964
10710
10803
1
10721
7
40
13
1
1369
302
62
3
2
71
23
1
402
8
48
644
1
169
7
3
1
10801
16
16
3
8
17
53
345
11
10884
62
3
134
30
130
102
11120
10867
27
6
7
16
11096
1
24
1
10
6
5
3
847
4
29
134
11
1
310
120
1154
10969
9
13
93
9
14
1
32
1
1
61
764
12
1
1
1
103
2
1
268
10608
194
11
10902
13
13
9
1
10910
1
32
51
1
22
13
32
2
13
212
1
6
91
10957
67
2
1
10861
9
1069
1244
10673
81
22
10604
1
26
13
950
1
3
137
53
32
4
1
10737
25
10778
1
6
10953
4
3
1
1154
108
10875
10941
7
10929
951
1
10776
73
11
1
83
10970
1
1
1166
6
1
2
23
488
2
13
705
10832
10770
1
69
476
10882
614
938
1
2
1
14
8
8
18
2
3
1
1
4
1
5
38
3
675
6
2
35
1
3
2
10724
11122
22
2
10644
10874
10
1
197
51
1
138
2
10757
1
10723
8
11019
2
52
38
166
885
37
10768
3
105
7
3
10861
128
1
2
10779
1
1
10739
3
19
10807
1
1
1
1430
82
10617
33
1
106
218
78
15
10847
30
2
19
275
10887
1
1
12
2
21
10
10798
140
3
39
2
106
10951
1
223
2
125
8
1
1
99
2
6
1235
149
1
274
13
3
10816
149
1
1
1
9
10761
28
4
410
10562
137
3
202
1
6
2
1
358
28
10925
1
3
2
1409
6
87
5
2
10
20
50
10928
6
2
21
1
1
1
1776
66
1
10894
16
3
169
10824
1
3
10963
12
11
1
14
1689
1
1
206
1
6
93
10
25
621
1
13
26
95
19
234
4
1
11005
33
27
25
1
10994
15
1
11
10740
8
10795
493
66
1346
4
2
58
2
10985
8
11
12
356
3
13
519
697
2155
142
3
187
2
3
10918
1
10885
6
2
7
109
28
47
4
1
9
1
6
10631
2
3
478
2
129
10860
11071
10892
107
925
602
10925
10912
3
1
487
10814
2
4
8
1
22
3
4
11051
10830
847
175
78
3
75
1
5
4
18
1
57
3
10802
221
1
5
16
18
5
10664
1
10705
10818
579
10825
3
3
7
11007
11
10835
1
1169
5
10
1
212
23
10754
10883
1
3
9
8
1
1
10823
3
10956
10735
46
735
11027
10
2
31
2
1
42
169
11041
3
9
10943
8
10741
3
1
1
1
2
20
126
43
1
102
8
797
157
12
6
10504
6
10769
379
2
28
91
713
28
83
29
11150
11127
12
11001
121
935
4
1
1
31
7
51
6
1
1
10560
10673
386
2
1178
1
255
10896
1
257
24
1
1
3
10736
10712
1
1496
36
6
32
19
67
1
16
6
23
21
16
30
10917
11030
10889
1
10926
1
10980
3
1391
7
4
58
80
8
24
10519
10596
373
10795
2
1
680
10545
670
1123
201
10939
294
5
9
28
1
10630
12
2
196
2
7
2
26
9
14
10939
2
1
4
2
10988
1
247
3
1
7
2
16
2
10945
10990
3
10738
1
17
198
7
1
26
82
1
34
1
41
10
228
3
6
11012
10926
16
1
1
80
1222
73
9
1768
11113
11108
1
16
3
643
10978
8
11
2
16
2
119
1381
10584
15
3
85
2
48
4
2
741
786
10
11063
10873
169
2
101
1
1
3
1
20
1
3
529
3
4
1
10814
174
385
9
4
1
499
1
1
28
1
3
10
1
10669
1
96
1
9
22
5
1
13
3
130
2
13
1109
5
3
4
166
10912
9
10737
10922
966
106
91
36
10887
3
1264
2
3
17
114
2
10878
1
10662
4
10658
5
10526
21
10514
12
2
10
13
10755
10
3
1
435
10609
2
33
1
30
58
1
2
2
35
49
2
2
7
1
2
189
1817
9
19
23
2
29
10749
38
10
10739
3
134
16
9
8
1008
10760
1
10826
1
1
1
10966
4
10844
392
10958
3
3
1
231
11121
278
1
24
10923
1
26
10796
5
10795
55
20
7
30
10453
9
4
614
108
2
1
3
211
1
1
1
3
6
10874
1
10804
5
1
559
2
14
1
1
2
1
2
1
12
10886
11008
4
10844
18
887
10907
20
10581
1
225
2
10591
67
10884
10643
3
92
10697
3
10713
13
2
216
463
17
10783
1
19
3
1
18
4
41
1234
4
72
11039
1
11036
344
30
103
171
1568
10822
1
11042
1
57
7
10682
10737
1
10681
10945
11010
1
81
1728
2
4
346
10550
66
50
24
4
10912
5
18
1
667
52
10837
1
1
36
442
10
63
10901
17
347
11081
2
4
10911
1
134
61
10616
10866
183
871
10882
4
4
59
1
2
1
25
2
2
12
11
17
10915
1697
1
1
8
94
10869
300
1273
7
10862
1
11054
42
10925
10643
2
10897
1
6
10
158
69
1
11084
1
22
34
1
89
33
65
2
33
4
5
2
13
75
1
1
1
13
1
2
2
10786
1
2
24
5
149
1
8
1
2
1400
1
11154
1
24
6
18
92
10725
895
25
4
6
32
147
11025
235
1
10
4
1
1
5
19
2
6
2
12
2
2372
43
6
2
6
6
6
2
9
71
45
42
633
554
3
5
32
18
40
457
10857
10721
3
17
1
46
11048
11
157
228
10639
10893
10640
1
10908
3
924
10992
1
2
9
2
1
4
31
89
2
1
374
1
1
11011
677
71
10941
10639
3
10709
116
3
4
10680
13
1
1
272
1
13
10832
10729
1044
970
1
4
10827
163
1
1
18
10919
15
113
2
2
15
10796
10969
1
20
22
10800
10399
78
12
15
11
10848
10713
1
2
1
8
76
1
10678
50
10790
964
2
11
2
31
14
4
1
4
10
10725
10903
1
10736
10901
10627
1
10881
2
53
10874
2
564
128
1
115
1
812
10425
2
3
128
121
216
81
121
225
10958
1
1
6
21
1
574
886
35
41
10796
39
47
3
1
4
11156
96
2
112
1
10838
11116
11088
27
21
11015
10881
1
482
3
136
1
10830
3
1
29
358
15
1
1
3
41
119
2
10724
1
1
2
5
2
1
10853
182
1
4
25
7
1
10638
113
156
1
59
10943
6
6
2
1
1274
3
716
1
55
1
1
1
1
10867
1
3
13
1
1
77
2061
10751
11
5
1961
1
1
40
7
1
2
10698
2
3
10649
10806
2
56
10799
47
2
3
10763
17
45
2
1
3
2
24
255
15
10897
2
1740
1
65
1
12
22
2
1
1
163
29
10786
3
1
25
13
1
10664
10865
10627
892
10435
10903
30
8
8
1
1
10836
3
31
248
444
10949
1
1
6
10
2
6
449
10938
28
114
14
10717
11037
19
198
5
22
417
2
9
36
30
2
1
1
561
1
134
69
10913
39
33
373
1
28
10976
1282
1
10652
1
10670
13
85
10629
2
10785
29
93
314
77
1
61
55
2
2
219
35
38
20
288
10873
1
41
10842
2
11
1
1
2
3
11029
2
2
8
3
4
8
2
1
1
1186
9
6
10
96
10397
1
6
310
9
847
10797
44
54
657
1
29
34
2
55
130
595
1
9
1
887
250
10754
12
10710
1
2
1
1032
10742
24
11020
5
11
35
139
29
10863
2
8
1
10870
1558
1
56
2
23
20
10996
5
11227
1
2
1
1
1
2
10946
2
283
6
2
2
10611
28
7
2
19
1
2317
1151
19
10671
1
1
2
5
10894
37
9
10988
14
125
87
8
158
1
1
10773
10
1
10716
46
10620
2
3
1
112
39
2
418
1
1
11082
11010
10736
43
2
1
9
9
62
37
8
39
11090
7
307
41
4
1
1
4
4
202
2
10
10753
1
32
479
77
3
5
2
2
260
5
959
91
5
10796
27
438
1
10918
5
95
14
5
1
1
31
990
7
3
2
6
11084
1
4
11092
2
2
2
10
1
31
2
10922
1
3
10582
18
1293
1
2
15
3
244
10710
20
46
1
1
54
19
1
552
7
29
1682
10972
69
264
10835
3
42
88
221
478
23
9
1
20
19
10730
11
16
1
3
1
27
1
13
10706
10731
1
10
13
1
3
81
9
2
10709
8
2
10703
27
2
10637
43
6
981
1
11134
3
9
462
40
61
10938
10771
1
12
28
2
10534
917
9
10848
1
1
1
10695
10872
163
226
10829
10936
48
315
7
290
10
1
545
52
5
1
2
23
1
10758
2
10783
6
1
2
8
403
58
21
10952
45
3
1
66
3
39
3
11155
2
7
1
1
72
3
14
125
1
1
445
13
261
1
10823
31
38
275
4
1
1
10675
1
8
41
2
1
22
8
230
4
209
10886
1
12
16
4
4
3
27
13
7
1
2
29
5
383
3
10901
2
14
1
3
4
2
590
8
11102
10808
1
24
20
19
54
4
58
1
2
274
4
1044
10875
8
1
41
695
64
51
41
52
1
141
811
1
10932
6
43
178
11122
4
829
2
1
1
7
13
11149
26
33
28
38
10847
8
4
1
1
1
11
10947
424
114
1212
105
33
26
1248
10951
7
15
11034
60
495
11047
11052
1
2
10
1625
1
4
10735
8
16
390
10882
4
2
3
38
1
11020
15
10999
1
2
12
11
2
1
10895
3
10798
11
1
10919
45
777
1
134
325
1
221
21
640
10837
270
10634
10750
2
2
11061
10964
1
1
3
1
2
378
172
10844
10
10715
2
7
17
2
20
2
2
10937
10569
10
29
1
1
1024
304
46
1
20
118
11220
1
1
2
10940
1
1
2
61
4
122
45
4
1
451
7
1
4
10606
8
10806
3
21
10825
201
21
1
2
1
189
10841
380
4
27
3
21
137
14
226
1
1
1
26
11
10927
48
10957
6
82
10924
1
22
97
12
1
1
4
6
24
2
74
32
7
11012
2
1
10882
1
206
1
1
10
1253
29
4
1716
72
2
191
5
1
10880
2180
34
10996
2
1
12
1
2
153
5
1
23
279
155
1
1
66
2
10839
24
2
29
29
109
34
10855
30
5
5
338
18
3
845
1358
1
1236
2
7
12
48
6
2
16
60
11066
10901
10921
16
27
4
81
5
1
10982
10851
44
1657
49
1
10
2
2
13
45
1
2
695
244
1398
11020
29
10830
11145
2
1
1
6
165
10828
1
3
12
1
2
1
1
10
10790
2
3
3
1
35
1
1
982
11030
12
54
10591
4
952
11015
10
4
2
1296
1
10696
430
12
27
1
1554
4
330
13
10813
66
174
152
1
519
2
10695
1
3
5
3
1
1414
7
1
10682
2
20
165
85
10790
152
10859
82
853
2
1
10888
11
77
10862
2
10903
13
4
2
2
13
10985
24
2
1
69
1
1
2
38
1
358
4
1
10677
10796
1
139
6
1
9
41
11007
10606
10
5
17
3
10958
10849
11037
1
6
3
2
1
2
29
1
4
2
4
279
297
1
10672
151
10705
31
386
10693
10637
15
1
4
1
1
13
1
10696
6
27
10455
1
107
727
13
1
1
20
1
31
1
10473
1
39
3
5
1
14
1
139
6
9
107
3
1
10542
1
1
1
2
5
11
3
40
9
18
11099
5
10948
10887
18
80
1
2
8
58
12
1
10806
11
11156
7
883
17
2
4
20
11032
1
11096
44
92
10917
6
1126
1
39
10690
77
10736
4
2
28
633
7
12
3
10729
2
1
2
10735
101
102
4
7
10
10896
1204
10954
7
342
5
205
3
1
5
6
1803
26
2
484
1
11080
10751
850
589
11064
11062
1005
102
8
30
16
477
1
1
1
1
74
2
72
1
2
10929
5
1
1
797
25
17
20
1
306
10851
38
8
1
2
2
23
10730
74
30
4
8
86
4
1
12
448
10794
134
57
1720
10970
33
13
776
2
140
6
125
10926
4
8
537
10954
2
13
3
1
1
2
10989
2
1
16
8
10865
1
5
3
1
634
2
10773
683
2
12
1
1
1034
3
10996
1
242
20
7
1
1
10858
67
7
6
48
10789
1
1
13
10867
11
1
3
41
10965
1
17
1
182
39
11074
128
11060
624
11134
1
6
1
156
16
537
216
10531
2
6
5
69
10617
9
474
1
10746
10627
94
5
10588
1
2
1
183
1
2
144
40
385
38
4
6
1
32
276
10710
152
1
128
20
2
2
2
3
774
67
88
28
200
1
3
181
6
1
4
10683
45
4
10728
10953
10955
14
472
1
2
10693
1
2
10664
27
53
653
1
1
8
4
1
10973
43
10920
3
33
5
106
10
10972
1
598
10631
4
28
6
1095
34
6
18
25
10776
6
5
1
4
27
1
3
50
10783
597
5
17
654
10
851
56
1166
14
10647
2
5
6
10857
1
10979
211
2
76
10722
5
82
10963
10864
1760
33
4
12
18
20
64
3
2
1093
115
1
295
10814
1
10881
1
10588
11006
2
16
73
24
6
1
10864
51
369
1
12
38
1
1384
1
10592
17
2
52
114
3
72
10788
10867
23
1
117
10734
6
11032
15
1
229
734
208
672
2
8
5
1454
8
11036
1
1
1
1111
2
94
9
569
40
1
1
1442
30
85
6
1
10828
3
17
229
13
7
29
22
245
3
10976
35
4
7
114
10882
1394
1
5
3
2
159
10995
10945
1
1567
95
4
1
81
2463
10899
10841
1
30
103
248
77
10679
46
1
1
1
11223
37
66
2
10980
61
8
9
305
153
11
3
41
16
4
13
5
6
33
24
441
7
24
113
72
2
5
135
41
79
1
10957
7
3
4
1
17
1
2
10787
2
13
3
10851
818
24
9
3
2
249
549
6
10868
1
4
1
3
10697
5
1
6
1145
1
9
33
67
2
10853
16
74
1
30
13
6
12
11018
96
11
4
6
33
4
331
10867
3
5
4
11053
33
8
10964
1
1
19
1
227
1
14
153
22
4
2
2
162
10557
2
117
1
32
31
201
1
1
1
1
10734
38
5
10872
38
1
8
306
123
1
6
10986
31
52
11060
10
93
3
5
1
10565
4
8
55
3
10836
37
10670
10941
170
8
33
3
4
14
10524
397
1
2
49
19
1
1
8
1
432
50
1
12
17
2
11152
307
30
1104
9
4
1
137
3
39
74
1
2
1
22
798
58
10889
2
6
3
6
287
709
11150
11068
10759
21
25
11
668
4
5
10609
4
2
21
28
12
1
11
1
801
10879
10679
10997
51
10747
74
338
9
10776
3
13
1377
9
10915
1239
4
27
1235
349
1390
1
10821
803
1
24
10835
96
10781
1
9
77
10784
254
11057
209
1
12
10803
48
1371
1351
12
10883
11014
1361
11063
4
1
246
1
1
1947
4
23
156
61
94
13
3
21
1
5
1265
1
15
11075
4
10970
134
2
1352
106
10
1
1
10894
12
10628
6
1765
10675
3
9
376
1
23
4
9
8
1
365
1
649
903
967
300
4
2
12
42
88
3
5
133
2
10757
181
1
6
13
106
2
33
1
4
2
2
10
2
18
10784
10706
3
8
173
13
1619
2
4
10882
1
31
2
9
5
15
4
28
5
1
20
3
33
27
2
2
10987
104
16
11179
244
10902
1901
2
6
1
6
6
1
38
23
10746
10821
10762
1
10712
10981
35
10952
1
2
14
61
1
16
4
10575
14
1140
7
9
2
483
74
10764
1
423
4
2
11026
1
1
1
269
32
96
3
3
105
11287
20
10999
61
2
34
1
48
11
2
25
336
305
1026
10
50
47
1
10575
6
2
5
33
10615
5
1
21
10540
898
22
7
10820
1
53
1
14
7
1
24
1
322
10
5
3
16
10744
219
10840
1
4
2
1
8
1995
25
4
10790
62
1588
8
32
7
37
3
10854
1
10854
14
868
73
1
5
120
419
10765
10850
125
29
2
65
1
69
4
80
1106
10775
96
1
7
1236
10
17
4
11010
10983
31
38
105
153
1
1
6
1
1
14
10939
11193
10
187
5
89
10
11127
11004
3
1
92
1
40
66
50
27
6
3
10806
10848
16
1
1
1
10830
10726
5
138
5
11031
4
11079
6
6
349
156
1
10942
119
10965
11048
1
1358
4
1447
14
11112
1
10717
33
859
213
2
60
1285
126
10
1
36
116
3
2
830
1
10830
10957
10
3
1
11064
9
2
11100
191
1
4
234
417
10
10736
1
1
3
3
18
6
5
22
1
85
4
10494
33
2
10587
9
1
2
1204
10867
10944
1
76
174
169
14
2
10795
6
10
2
5
19
2
12
1253
3
22
1
10704
1
1461
100
3
3
542
8
55
5
10840
4
2
22
14
474
10831
1
5
10856
22
1
1
3
5
1
22
52
10879
2
26
1
2
733
29
10939
10872
1
1
2
1
10718
1
1902
1
3
1
9
246
7
2
22
5
4
1
5
10920
5
6
10
9
48
23
25
1
31
1
33
1
14
11031
2
10642
6
2
739
4
29
1
604
864
1
10546
10736
10680
48
16
10439
68
156
22
61
352
224
518
10898
52
223
1
1
7
18
3
113
10
10638
1
261
10557
10987
10891
3
22
4
14
1111
63
5
1
2
1
6
1
113
1
1
772
1
50
53
1
10872
1
13
138
100
10809
25
4
3
1
12
10931
3
6
10
131
32
11023
3
10
154
1
43
1
10912
2
10827
38
2
795
2
10645
3
2
17
9
7
10
1
31
128
4
10855
1
11
2
81
6
1
10555
14
32
1
10854
10
10596
6
2
3
65
69
10907
26
1
9
5
1
1
4
1
16
16
5
9
255
19
6
4
1
2
10748
1
526
2
919
1170
10745
762
1
1
22
970
18
38
9
1
836
10964
10738
1
1
962
23
15
2
3
1
1
6
1
16
5
10660
10525
36
222
10804
10559
2
4
138
10789
5
7
3
162
10446
1
5
23
25
5
1
1
1
30
10850
10556
10948
11028
2
2
3
10786
1
1
2
10917
9
1
3
89
43
2
3
427
10831
1625
4
187
13
10890
2
164
10901
2
427
126
1073
7
10948
3
166
1
32
4
11214
11028
13
5
8
1
1448
1
2508
4
1
10887
76
1
75
10712
7
10641
16
38
2
1
22
10873
171
6
7
1303
10758
3
1
1
16
664
1
138
15
3
7
1
7
10811
2
8
25
1
3
1
84
11
10731
50
8
54
2
122
75
1
148
14
10793
2
24
10887
10847
10848
5
13
14
10893
9
4
21
10895
20
140
1
11135
6
12
1
202
31
3
97
17
2
3
10758
4
55
10956
70
5
9
274
13
1
10836
116
14
1
6
2
1
3
9
17
22
240
1
10617
3
34
185
11156
14
251
1
10
51
11111
1
10837
613
10921
1
551
27
4
3
2
10808
10809
1
2
3
1
10892
761
130
10933
124
79
385
1
10606
14
135
42
2
236
8
1
328
59
194
2
10535
10353
249
5
10749
2
146
681
10929
5
137
39
10851
24
1641
7
99
30
30
5
1056
1
10891
4
4
1
237
10677
50
2
434
10801
10449
46
1
1
1225
10970
10983
20
19
5
10879
1
1
10733
10907
1
1
1
1
12
1
1095
10871
32
11
1
506
14
164
305
213
3
516
77
448
10799
10
7
11017
70
4
10965
640
2
4
1
1
24
10838
2
1
12
22
250
3
1
24
10903
10968
2
10768
2
10873
3
13
1
17
10877
15
1
7
36
9
9
6
2
1
572
1490
1
71
2
421
10843
8
10
4
1
297
10640
13
10678
1744
23
2
45
40
1
3
4
2
4
35
3
10872
66
10742
11212
3
35
3
276
9
11045
15
1
2
3
11108
11
2
1
205
1
2
40
1
1
10916
1
10644
5
10929
13
2
1333
10634
5
1
1
1
5
11034
10881
3
10914
2
11035
1
10879
887
134
1
3
1
143
16
64
16
2
1346
11073
684
23
2
15
8
1
1
11033
3
68
29
10
1
4
944
1
4
87
279
12
1
16
10917
9
1
10921
2
10921
10861
29
1359
8
9
1
10588
2
4
10547
6
10773
1
9
10972
58
11017
1
25
2
10831
2
10759
10558
4
10621
64
30
1
3
51
1
10802
247
10933
10861
1
1
32
62
28
10873
9
881
1
2
3
21
432
603
3
3
10950
510
91
2
9
64
49
10819
2
11103
1
229
192
19
10830
2
2
11009
2
1
15
3
1
9
27
1
1008
23
44
8
409
168
920
1
1
341
10622
22
268
75
103
10682
21
57
81
48
23
141
4
24
1
7
18
1
11
10715
15
3
1
3
4
7
9
1
1
1
87
1
1526
10770
10872
52
4
41
1
1
7
3
1697
1
10733
52
1
9
12
10940
339
172
2
11
10724
9
2
82
1
4
1
39
1
115
3
18
1
11042
5
15
13
259
11
2
3
2
5
10764
184
1
10901
2
23
52
2
10975
1
1
1
61
36
38
25
10757
42
51
1
10903
188
306
16
10678
11
130
11018
2
11099
1
1
77
579
846
36
11158
11062
10826
44
10883
335
2
5
10724
113
3
81
10861
1
459
82
107
2
45
141
110
18
25
1
11
1
458
10969
11047
1
35
51
4
1
120
10709
36
10858
10834
5
8
1001
10651
10582
11
2
6
68
99
288
10844
5
3
617
1
1
2
66
6
10635
75
1
2
10989
1
17
10829
10806
348
8
221
11162
4
10966
10641
4
1
90
3
10855
67
148
34
74
10580
10789
337
70
2
12
6
11085
1
4
1
10842
28
1
10801
5
1
2
2
1
9
328
1
3
10831
65
2
6
1
4
1
10853
1
17
4
3
1642
1
10825
10842
688
9
2
16
37
5
6
1
10935
105
1120
12
1
11
31
1
45
10767
17
10
27
10844
3
4
3
1
1
1181
1
1
10735
10986
1
10994
3
10857
772
2
1
16
26
1
1
3
10772
37
5
1467
1
1
669
10831
14
60
1
10899
59
1
1
7
2
18
10652
1252
55
148
1
11
241
27
14
2
1
7
7
11005
5
10
150
10872
1
392
3
5
11008
347
162
1
11
10926
10828
7
10819
10761
124
9
67
186
11128
10737
3
1
9
10902
4
1231
4
1
10904
1712
11
43
3
679
298
13
2
10769
9
122
22
10675
1
2
5
1
1523
1
4
3
10962
1
1
16
733
121
2
2
27
10
564
8
10689
46
1288
192
1
11063
1
1
11050
1
3
4
10965
1
10973
1
10
161
1
1
16
3
2
7
1
1
1
1
251
72
19
5
1
1
10881
463
1
2
99
10
30
10945
10557
2
5
10632
1
2
2
34
1
1
3
53
10
2
1
10846
10893
1
1
4
1
1
2
10676
472
115
24
11027
2
2
10991
1
10800
16
331
109
10744
1
28
10732
3
645
3
11125
7
10864
6
33
6
459
11008
1
11
2
1
10774
61
124
177
100
15
2
162
2
3
10719
7
333
21
20
1
10918
13
3
14
1
11197
1
8
11075
75
11218
7
426
26
10965
99
10685
4
664
1
2
4
2
3
1
1
47
7
31
1
64
8
3
10826
6
6
3
141
42
1
1
1
7
2
63
10807
1
28
5
3
472
1
11
10650
12
3
909
10800
10909
126
13
1
57
1
1409
9
7
4
606
2
1
9
242
811
9
30
11
2
1
10673
20
7
6
685
8
1
10775
55
180
4
1
10586
10948
10945
1
1
1
1
1
851
11116
4
10752
1022
613
1
10911
1
3
1
10847
1
2
10872
2
38
6
5
70
1
342
77
184
7
5
90
1
422
1
1
3
8
386
6
7
41
10880
80
2
10935
3
11049
1
1
332
10735
6
28
2
3
3
1
1
4
12
10855
1
10811
4
10823
1
18
1
4
180
10780
8
2
224
2
4
10759
1
116
3
5
851
4
1
536
4
11076
3
1
11
28
1
26
10924
43
1
10715
10937
11038
50
6
3
11075
3
65
25
4
10716
1
1
9
10793
268
6
19
39
10594
4
2
3
378
10741
5
4
8
2
10736
450
1
17
395
23
3
2
2
11024
18
2
46
53
73
10957
11046
10905
10715
1
19
3
1
3
2
82
1080
76
2
10911
1
1
10928
1
10855
10964
1
4
10760
2
1109
10826
10826
151
25
10940
1
1
22
10728
10903
6
499
3
4
10567
58
10603
6
841
19
36
7
1294
11112
44
10992
1
2
1
1
10737
84
10793
154
16
2
3
5
4
671
10828
2
86
1
9
1
190
8
10
2
213
7
256
34
38
2
63
1
11
15
55
3
10577
4
13
1
79
1
10733
2
1
1
13
1
41
2
1
1
146
14
14
189
18
3
250
10699
702
10535
1
10695
17
3
10818
1
2
10893
1
10798
29
10
497
10999
10859
1
30
1
117
2
2
2
1
253
19
1
19
1
10715
20
13
260
1
717
3
1
17
1
10638
7
1
13
10878
10
11006
1
5
12
7
5
10
5
1618
1
10851
10
1
595
23
7
1
53
736
106
10757
6
1
2
636
10937
8
1
2
414
10
2
565
10676
1
55
13
10971
13
11012
4
125
1338
746
50
13
10784
1727
7
1
3
1380
2
47
45
9
24
1
1
47
122
2
11005
35
1
10648
1086
416
2
10747
2
2
8
4
1723
1
1
1
1
1
1
9
108
10980
11064
62
1
1116
2
1
10790
74
26
11
178
10782
1622
10827
374
1436
2
1
11011
10925
11191
1
11080
25
1
33
181
943
10987
22
10780
6
443
58
1397
65
10752
113
90
1
7
1
21
3
1466
133
49
85
6
12
3
3
10878
4
966
634
12
1
121
15
10770
18
10639
10991
1
26
31
4
2
1
10
7
43
10759
3
1
669
382
10911
10827
2
594
32
10589
10962
2
4
6
5
221
10625
3
10786
1
41
4
1
10879
3
9
27
7
10629
10923
70
1
10523
876
2
10692
9
1479
40
10454
10912
166
19
1
2
1
35
25
10869
5
10479
614
2
1
1
1
2
11078
24
12
12
1312
7
1
266
853
2
56
11068
11034
20
10998
1436
21
11014
6
7
1
68
29
261
1
1
10749
10737
281
1
1
137
4
1
1
10776
1
10799
3
10675
2
10938
12
3
104
11091
1
6
10963
2
11045
10862
11016
2
118
11024
16
11086
3
798
14
1
4
5
10887
10831
10658
3
1
83
10934
1
11172
2
495
3
1
10713
1354
1
10706
1
484
9
1133
17
1
33
3
73
32
12
2
5
29
45
3
3
11003
1
1
2
6
1
8
1
10849
1
10613
10881
346
370
1
1
1
10618
1
1
7
157
11
1
1572
2
14
7
10964
10656
1
57
17
2
10819
146
1
3
1
5
759
956
1
31
7
3
82
2
9
19
10992
30
8
11046
225
10636
626
2
82
95
2
31
43
10611
27
10585
1
10738
7
1
4
1
11003
80
19
1
5
5
1815
145
8
1
10767
1
152
10834
10962
77
1
94
99
5
1
58
5
229
5
1
980
23
3
10881
2
9
15
2
58
10934
10926
1
1
5
1193
16
8
10860
1
2
10995
1
17
2
1
329
40
3
70
2
5
11
19
31
10676
258
76
10
42
34
695
12
2
169
8
10757
387
297
1
365
2
1
10601
3
5
1451
1
57
2
419
22
10664
9
14
10814
2
10628
7
77
1
3
8
11
1
27
1
10890
1388
4
29
1
30
1
10917
10742
1
10918
1
22
8
10877
1
21
322
10742
199
4
1
14
6
10894
10961
3
5
355
1
1
490
16
74
33
15
99
715
1
83
10843
11
327
10789
10873
4
1
1566
10456
1
3
1
11051
11118
10969
29
2
19
10759
41
10763
1
10884
16
10897
1
1
10756
12
2
376
1
1
51
1325
6
1
1
9
1
9
1
10825
154
11087
4
2
1174
11012
4
1
107
11
1
1
2
281
107
28
1
64
6
11
1
14
52
1533
10776
10574
10920
10769
6
19
22
303
1
10760
10964
907
5
1
221
27
10756
1
3
3
1
2
28
10809
62
2
1
24
1338
4
10937
10958
5
1565
1401
110
9
1
3
2
136
4
4
1
10957
321
117
11102
31
94
10963
2
445
1
1
24
10836
5
30
2
10953
1
1
10822
10
2
11045
3
24
1
17
4
7
287
206
10861
10804
78
10884
2
10991
3
3
9
368
44
1
10741
2
126
3
10608
11010
15
4
17
449
46
2
3
10658
9
43
56
10936
1014
1
3
27
5
10819
1961
10905
506
527
2
2
10913
10758
66
221
10952
6
10901
52
10967
10909
53
1832
1
1
125
4
4
10927
10980
8
5
8
10812
3
148
41
1
10930
1
31
1
1139
60
34
148
15
2
1
22
1
516
41
1
1
17
21
1
367
12
568
10816
12
14
13
10725
2
40
10705
2
10519
1
93
269
10
1
2720
46
3
3
1
100
263
1
285
1
30
10537
10743
69
99
1
172
10814
1
44
10909
1
7
141
56
10956
11030
1
10779
10974
66
45
1871
10901
10827
8
1
10911
440
3
84
3
102
21
5
1
2
11
2
135
10850
287
17
27
2
10764
10998
147
55
10594
1
3
4
2
42
12
28
1
10678
18
10752
4
1569
55
2
11042
90
194
1457
26
1
770
53
23
27
1
10693
255
18
102
2
1
3
10994
3
11063
11
2
2
198
1
6
10951
10793
7
1
342
2
1
1
41
57
10854
122
4
10
11010
11
1
7
6
20
11212
2
1
4
1336
41
1
1
26
10914
1429
2
1
10774
1342
157
199
288
3
36
30
1
9
6
37
10790
1
3
6
56
10711
1
10807
142
2
8
1
2
10
1
29
52
362
184
11
10909
84
5
1
4
12
11096
513
7
3
3
24
2
418
11
10907
2
9
124
6
10738
2
10923
732
6
1076
11085
59
11099
10
49
10928
181
11003
104
2
11
10732
11075
3
344
32
77
733
10828
2
328
372
29
1
541
881
10572
4
1
3
70
10732
2
3
38
10598
2
19
1
38
816
11
3
2
145
45
10563
3
10808
1
3
99
10881
10896
151
1
10866
939
13
22
4
18
2
10665
2
1
11
10788
39
7
2
1
3
12
1
13
33
42
1
2
11
491
49
10650
10971
11
391
1
88
1
189
193
1
10703
5
10694
4
4
7
1639
126
2
1
1
241
1
1130
1
1
1
87
134
10989
2
2
111
1
3
10746
150
3
1
262
1
13
361
5
6
10701
11002
20
8
1
10913
1
10652
10821
10996
44
28
2
7
2
18
10981
3
10807
46
10785
29
133
1
10884
192
429
689
2
2
3
10672
9
10776
1
10851
12
175
1
5
6
44
23
1
711
28
10694
2
10564
1
15
949
10
10406
16
10738
10698
9
5
1
2
37
15
4
14
1
17
358
95
2
12
10
1
10695
129
1
1
2
10768
2
1
14
57
4
6
10675
175
1
3
10543
1
13
10
11186
325
2
69
3
14
1
6
10943
9
623
10897
10702
4
2
145
1051
20
70
10968
1
18
26
3
3
10988
15
1
368
1
2
3
1
2
31
1
1
1
60
1
10784
6
7
10996
1
4
41
1
10795
2
1
10772
10838
1
10804
10824
1
1
644
1
1
5
8
1254
9
131
1
103
1
10766
5
261
212
10705
90
11001
10669
191
5
4
3
140
18
1816
10959
100
1509
1
24
1
1
10887
520
10727
6
37
2
24
62
13
42
6
10739
437
844
1021
78
1363
16
10818
4
10910
9
1
1
33
2
87
1
1
3
151
7
10689
98
6
1
10777
22
5
71
1
33
8
6
840
8
95
288
10848
577
1
10840
14
112
10904
31
3
2
5
1
282
17
173
4
2
268
5
10905
1
10
10932
22
841
1
684
2
10977
10669
10562
10
10821
10797
10757
4
10
1
4
2
189
5
7
1
171
585
10754
7
699
1
1
1
10824
1
10746
27
10912
3
1
10550
1
1
184
3
21
10538
1
6
10
2
2
43
10680
6
10714
1
2
143
10509
3
1
4
1
2
750
6
29
3
2
5
8
6
1
47
302
719
910
4
1616
10903
33
3
28
1
4
28
6
7
16
10641
3
11018
8
84
1
10809
3
3
10845
11042
1
78
955
2
8
34
1
3
1
96
9
200
23
10727
10980
46
160
1
2
214
1
124
18
1
10
19
32
698
10779
5
32
10698
25
881
21
1
10748
14
1
137
28
3
273
4
10925
698
35
1
1028
10480
353
231
1
10511
10732
5
2
17
10672
1
983
1
2
2
10982
24
10872
11082
10955
33
1
314
10656
5
10798
11
1
33
10790
1
11115
10906
589
1
11
1561
10814
1
233
246
6
11
38
5
6
5
581
1
2
2
2
178
6
2
2
10813
10901
50
11073
1
2
161
52
3
9
3
10893
10783
1
32
1
15
1
2
10770
1
108
1856
83
10951
12
18
3
754
2
9
10856
1
44
7
14
1
2
1
2
6
111
1
1
18
4
50
5
4
847
10923
2
4
1
10847
10689
75
154
169
2
10770
23
15
45
3
76
12
1
4
80
5
61
871
3
40
2
1
262
10965
1
10
1855
189
8
1
4
861
5
1
1
15
1
1
732
5
10613
12
10720
1
19
1
1
936
3
10842
11
1458
1
138
1
10703
92
20
30
17
1
3
11
1161
2
1943
11112
10853
43
5
373
4
15
2
21
7
8
165
10931
2
106
5
1355
1
232
18
294
10808
5
458
1
9
1
4
1
4
98
16
10876
68
1
1
4
11
55
528
1
2
44
2
2502
13
10555
1589
3
7
1
1868
27
10704
1
676
19
54
1
4
2
4
76
12
10976
10463
1
1
10692
10736
10789
750
10742
2010
47
2
4
10520
780
1
833
15
10779
20
109
10763
288
1
2
10824
947
1
7
558
35
12
6
1
10856
10814
135
1
24
1
7
1
271
12
126
10763
1
10901
2
9
175
4
1
1
12
85
5
9
10790
591
403
276
765
19
1
10925
10797
1
11
1
65
1
5
7
13
10947
2
1
10931
5
1
2
17
23
2
29
10763
35
11071
399
27
14
14
10948
64
228
4
11164
10969
5
11
288
1
2
10826
10756
1
1
1
1
1
6
10
6
18
10867
176
157
2
2
3
591
118
3
1
1
1
10563
19
10
13
9
10944
10821
1
11013
1
1
10827
40
8
1
20
2
23
6
2
41
1
1
1856
1
8
10875
9
10863
2
10962
11008
10827
1
1489
34
1
3
10852
10992
5
2
77
10918
10715
5
2
3
236
1
2
10751
10964
13
32
1
1148
3
1008
161
6
98
1
454
1
300
11177
1
10892
74
17
10969
104
2
1895
6
10900
25
10640
10789
130
397
1
446
2
2
13
91
1
97
1
8
19
13
1
41
1
2
1
10494
114
171
641
158
1
10927
18
4
46
2
109
3
7
2
10616
104
11241
3
105
10849
5
2
4
1
6
2
28
781
428
7
115
884
10942
1396
17
10675
1427
1
75
3
7
10860
1101
193
10621
3
87
13
1
6
1
1
2
10957
10920
21
10813
2
1
10970
1
1527
1
668
10758
15
4
192
9
1
6
30
7
10723
7
1
331
10615
10686
8
214
42
1
1
6
11004
2
18
2
463
14
37
12
3
17
7
22
1034
8
3
35
7
100
39
10964
1
4
19
3
57
7
99
1
442
31
8
1
10928
37
10
3
3
10984
238
7
15
4
1
14
10608
81
1267
2077
9
634
69
7
1
18
1
295
3
10984
31
164
10493
8
2
11021
1
10914
11228
863
1
91
2
1
12
148
1
2
1
2
1
3
1
8
1
9
10679
1
10677
2
1
10
46
111
10853
3
1
256
1
545
10832
102
20
3
18
339
10940
609
2
760
130
80
10804
1
1
1
10696
6
2
2
5
16
1
478
11
3
168
15
1
422
10602
27
481
18
10842
105
449
285
2
10725
4
10868
1
27
1
10732
1
4
1
72
895
36
882
1509
10603
4
7
47
5
11036
6
10818
330
322
16
8
28
1
1
1
226
1
2
5
1
86
218
9
134
10917
1408
1
105
3
70
1
1
516
45
10
32
561
23
8
7
2
1
1
2
1
11029
392
537
13
10883
43
65
10763
4
1
257
14
1067
58
9
38
433
1
10
1
10787
10879
3
109
1
286
1
597
10909
19
5
318
61
1
1
3
11
1
998
58
73
4
4
2883
546
1
86
14
1
113
13
97
42
2
10734
10783
67
1
3
12
2
1
1
10963
1
24
1
1
949
10943
1
19
10940
3
9
10667
1
8
10867
2
1
108
10611
10609
643
10564
10702
3
9
3
3
10901
35
1420
1323
10865
29
9
10726
7
2
3
4
10771
1261
3
521
2
2
2
154
2
10920
69
10956
7
60
10969
186
11205
55
181
460
3
11175
10969
311
11145
1
11052
100
1
1
1
1
1
1
251
50
3
3
11159
10842
204
1
19
3
1426
590
1118
9
1
17
10927
59
34
13
5
103
40
1679
67
6
6
2
35
297
115
37
364
10626
10631
6
745
1
479
5
10521
10683
2
3
33
1
2
2
10916
115
96
26
2
10824
6
8
5
6
4
42
76
918
650
5
10934
2
172
3
91
27
14
4
10813
1405
957
154
895
519
1
1
8
90
2
5
23
10859
855
602
10660
3
1
2
60
7
3
1
3
10763
15
1
10870
15
1
2
10620
1078
924
18
31
4
1019
2
5
5
10848
1
817
210
1
7
2
6
3
11228
4
11101
1
26
14
1
126
1
1
10
2
2
71
14
4
3
10
4
24
1
1
6
62
2
11115
101
11050
16
10700
1
1
1
10675
11062
810
1
868
1
645
4
5
1274
19
1
124
10980
39
2
10817
10862
8
1
1
1
10822
26
49
10844
10739
867
1
2
2
1
416
1352
324
42
1
14
4
3
1
3
1
195
1
154
11001
177
6
23
8
7
37
10791
4
1
987
23
533
3
7
43
2
1
1
7
80
2053
1
1
1
5
10829
10644
121
1
3
352
212
6
1
8
3
1
1
576
3
6
3
13
27
1
85
31
104
1
3
47
1102
320
1
10819
35
3
10943
1
3
2
60
4
3
10723
209
3
10613
7
10887
9
1
13
8
1
10648
2
1
1
4
13
10873
11154
2279
1
2
14
6
11065
1
10788
4
4
10799
8
1
83
4
9
10894
11
10981
76
10951
10956
57
5
293
23
6
153
2
428
18
22
10822
1
6
1
10781
1
7
10551
1
3
42
19
930
1
1268
890
2103
6
10936
1
16
1279
9
247
10878
154
33
1
3
2
11291
4
2
40
12
1
51
506
1
10840
6
2
130
10500
50
1
87
14
2
10768
266
155
16
788
23
21
6
183
1
49
1880
16
10776
72
1
7
1
10909
5
21
11315
4
1752
10924
3
3
6
7
11015
11079
1
8
6
3
2
1
10637
93
28
7
26
463
3
624
35
116
10
44
14
1
7
78
10
2
10777
2
46
10783
46
13
5
31
11
1165
7
4
3
1711
2
10501
10694
184
3
3
65
58
24
453
398
10670
778
13
10762
41
8
2
1
1
1
1
57
26
17
15
49
4
1
560
10
2075
34
3
11053
2
37
7
1735
1
6
4
1
17
1529
3
1
10743
7
5
4
1
2
17
4
478
11008
3
3
2
1
9
960
2
472
1
1
10880
22
7
469
48
4
1
13
1
301
9
24
1721
2
1
5
73
669
1
2
12
1
10872
1
11048
942
77
90
1
1
21
10964
10751
45
11003
1
1
59
2
10767
179
10850
2
241
49
45
2
2
200
1
6
1
3
7
44
53
279
1
1
2
1
9
10765
11
2
2
7
7
1
1269
8
2
35
10712
3
1
19
10911
3
19
96
1
2
11110
2
10996
6
9
3
1
1
6
11001
171
14
87
12
10718
9
5
963
17
22
3
15
19
11008
3
10686
1025
11
16
38
9
17
31
10855
2
53
10969
10780
10922
1
1
1
1
4
10917
8
3
15
386
10985
1
1
10627
1476
155
620
148
1
1
12
10879
29
1859
1
164
11062
8
10943
2
10855
10661
10792
10
105
11005
2
1
4
3
3
1
10703
10801
1866
829
2
4
19
899
2
2
7
138
10649
35
10551
4
10934
10974
4
9
10843
10827
13
1
2
29
24
59
10
90
1
2
467
1
7
1
72
1
1012
26
1327
1
1
44
4
10824
15
4
159
8
1
30
10843
4
1125
14
105
4
10647
3
10742
1
14
42
377
26
121
10747
1
10937
1
1
44
4
1
3
4
3
1
51
19
4
643
27
1
8
2
1
1
95
111
4
66
4
4
1
7
532
6
2
6
50
6
609
21
377
1
4
2
10959
1
111
1
4
1
2
15
201
1519
12
4
1690
3
11
1
10836
1
15
2
10949
17
8
10980
1319
3
7
2
10976
1
10819
92
10832
189
1
1
11
500
1
35
2
10821
29
12
10642
1651
1282
10800
2
1
21
1
3
10899
1
7
370
10798
11020
21
10982
1
28
5
27
10791
46
2
2
1039
2
288
1
111
62
20
10690
17
2
3
480
7
1
16
10702
1
10527
10914
749
421
10843
76
6
6
359
10872
3
1
1
1
1712
2
3
3
20
11070
8
1
1
1
10845
10945
496
10732
1
1
1260
6
1603
7
15
9
8
1
20
221
5
22
24
95
3
42
227
1521
1751
21
10855
82
259
11
11
42
785
133
10607
10694
229
10
4
72
4
3
29
505
27
428
1458
10895
201
379
3
11010
9
2
1626
1
1
273
58
37
10793
1
2
1
1
1
10714
11067
8
55
10
1
2
2
8
2
1740
5
10564
485
1
1
10745
3
7
1
31
2
6
28
1
1
20
17
4
3
7
1
8
10846
2
102
10733
1
1
73
47
1
1
6
10879
24
10841
38
3
10963
3
1
1
2
10
4
7
3
599
6
28
3
28
10820
9
10611
1
19
114
10
2
795
626
52
15
2
3
88
2
1
346
2
2
10867
289
6
1
10786
80
116
10876
6
10866
2
2
4
4
11
123
39
3
1
3
4
8
104
11076
19
28
277
3
723
90
2
122
1
1
10932
10892
1
12
5
7
10637
55
10845
24
155
14
784
36
2
13
19
3
10774
69
5
30
97
44
10948
9
15
172
1
2
50
923
161
33
10
20
10395
1
1
5
8
1
10878
16
7
1625
11100
3
35
10864
182
7
3
21
36
8
104
6
1405
29
10819
93
594
6
1
47
4
11119
10948
14
10807
5
10715
71
21
10827
12
44
1
1
386
1
10995
1211
7
6
10866
16
57
10705
20
4
17
640
9
3
163
2
167
11
9
151
1
55
1
11020
749
11265
1
735
6
40
1
10927
1178
1
192
4
1
19
1082
351
82
11
3
15
1
22
1
33
278
1
1
2
2
11064
10938
10900
10963
10988
1
1
8
73
10666
10809
10756
1
9
38
2
5
10855
2
219
10450
1
24
29
5
2
7
10
1
10968
164
3
10965
3
121
10847
223
1
10925
10967
1
1
1438
4
1
75
105
10874
10697
13
10695
28
394
2
8
5
725
10706
10886
14
1
11
244
16
1
53
1327
66
10442
170
27
114
10880
7
1
10848
5
10751
10781
5
939
2
597
10735
2
4
29
11
367
6
16
2
1258
1
10979
1
1
23
7
1
4
19
2
5
14
82
10639
1
6
10951
2
10710
4
58
10948
130
1
87
30
117
10616
19
10577
24
10595
713
29
10419
1163
51
2
3
10647
1080
8
132
2
8
1
1
58
70
15
35
72
1
8
11154
1044
985
1
15
1
1
65
11085
2
56
3
1
11246
4
17
99
17
9
10915
5
40
3
984
129
13
2
1
16
10601
7
4
4
7
177
2
10866
2592
55
6
10586
7
10870
10816
4
20
10685
226
10719
15
2
482
10570
1
10
10618
3
2
24
3
2
6
10624
1
1
5
28
3
8
3
1
19
10715
1
1
913
4
255
10755
3
1
11003
31
9
16
30
10936
1
11037
6
3
19
10848
21
2
10844
10888
2
160
9
1
51
10792
1
597
3
1
129
21
41
3
21
609
1
10511
199
10580
188
10635
363
1
25
1
1
2
1318
3
2
18
7
10529
4
1
19
4
1
10777
10845
362
45
1
9
1
18
10717
1
9
18
10855
3
10722
10975
32
877
19
460
1
1
1407
10869
1
5
7
5
1
6
11
15
10848
221
894
10783
4
1
1
12
1
11063
5
10777
9
1
2
817
2
6
1
636
1
10964
724
3
10882
10787
1
4
17
848
1
1
10834
11
10700
1
25
48
10541
2
1582
1
1
10790
10876
2
1
282
2
10690
5
10881
1
1
40
488
51
34
4
4
86
85
10877
5
10756
4
48
10836
3
3
3
4
10749
10834
1
2
203
44
16
8
10920
2
26
10711
1
140
44
2
1
9
250
10772
10723
1751
32
5
1
103
10
1
4
10725
10801
6
2
3
4
564
10982
4
2
2
667
6
1
10741
23
88
10
1
22
11157
38
4
179
10900
1
1701
2
1688
5
3
2
413
5
1
21
1
30
283
6
10892
429
2
10915
2
10761
2
1
2
238
2
6
7
284
880
10750
25
31
2
21
10793
10780
292
13
214
6
86
83
1
923
181
25
2
3
10801
92
1
47
179
5
10740
10661
1
1
10766
4
10457
57
1074
10980
2
3
11050
10755
282
169
40
26
4
50
311
1
6
110
12
11016
4
13
693
3
3
132
4
4
7
13
1
2
10905
164
18
81
10874
3
10751
10630
1
16
12
10671
3
21
1
1204
17
313
1379
1115
1
62
15
32
1
40
82
6
10
7
10571
3
98
4
10754
6
54
142
1
11
855
32
10738
44
10575
13
1
10785
7
1
10668
141
10939
10
10838
27
8
3
1
591
1
4
1363
16
10738
1
221
11
1304
10935
4
10643
82
16
2
11206
5
10985
39
10897
2
2
15
23
10685
3
10840
76
634
319
11
1293
5
31
5
1
1
6
1
9
3
5
10618
1
10930
986
786
10903
159
10850
10859
9
10808
1
1
1
99
7
10793
1
1
153
1
1
10
10
15
1
43
52
1
311
34
6
1
682
2
1
488
155
1077
483
11
5
4
95
1
496
46
5
4
46
10891
12
292
260
1
3
7
494
897
1
3
67
1
12
66
10804
46
6
1
4
1
24
5
10853
4
11031
1
5
4
186
1
42
5
1
23
230
25
25
157
10729
805
26
52
10648
14
1
45
8
1
1
5
1
8
653
8
1
187
12
1
11
1
464
10981
10919
2
6
41
1
11086
11060
2
10959
56
7
13
88
8
6
1528
10798
1
41
1
1
4
3
1
294
10532
10575
6
2
37
1
1
279
962
105
135
20
3
349
1
166
2003
39
2
2
1
2
24
441
10629
1
5
492
148
10688
41
8
182
1258
1211
1413
10834
33
10721
10770
101
10812
1435
83
7
11033
1
3
32
11
2
10797
1650
3
1
22
20
2
3
304
1
25
10920
2
18
362
197
1
5
105
247
10776
3
55
48
3
1
9
18
1
2
3
62
10
64
1
1
19
13
54
9
10830
16
10580
5
2
10834
1
13
1
2
542
10857
1
1
4
2
21
15
2
2
5
1450
1
10737
10734
2
1
579
1
923
368
656
10844
22
25
10810
19
1019
1594
49
2
3
1
10
411
10855
10953
59
11284
612
3
17
40
1
16
303
110
10760
7
1609
10804
995
126
10689
1752
34
1
1
2009
1
10910
285
26
6
19
4
81
2
28
10871
2
10713
2
10857
10788
10676
10925
373
294
162
2
9
10932
504
36
10774
2
21
6
194
11
477
16
1
10656
1
19
14
23
8
2
95
2
21
6
77
11079
2
1
2
10
11136
24
4
1
1617
13
10957
34
81
10778
11015
3
8
1
10535
3
6
340
1
10914
10647
40
10964
8
93
1
10690
1
15
4
1
10814
504
10881
40
10955
224
1681
111
309
9
4
65
20
32
1
10758
10846
10895
10635
14
10674
1
1
719
50
13
11139
2
3
46
10906
9
8
3
4
4
9
10867
7
8
174
80
6
2
10
22
1
17
2
1
2
2
306
2
572
1011
1
63
1315
45
227
11136
4
2
20
6
4
1466
1
11075
8
842
231
418
12
1
36
2
16
10889
2
10730
2
1
10638
10686
12
254
31
8
1
230
2
8
10631
36
1
107
891
1
11047
2
10839
288
148
10884
1
915
5
10886
81
2
3
11
1
5
1359
10708
3
10654
10725
10944
6
21
12
227
2
10734
106
8
10
8
2
7
611
2
964
12
1
9
10917
1
4
496
53
11
1
11
53
87
16
82
10960
34
6
1
11030
20
11025
45
1
79
560
2
23
10873
1
156
1
5
8
62
1119
98
10900
2
14
1
32
3
1662
5
1
4
4
10836
1
12
1014
6
4
6
2
2
1
20
1
10941
1
3
21
12
10854
2
38
17
1
1441
10965
5
3
136
8
1
1
6
2
1
3
10885
1
1
1
6
2
1
10658
13
8
10801
7
135
5
97
107
10751
10787
3
45
8
54
6
31
3
11112
403
10820
1
8
280
89
2056
10875
3
2
10669
5
19
1
10949
5
1
10949
10981
10
11
2
18
1
10979
1
10873
12
10750
118
6
1366
13
4
26
1
10893
459
10911
2
2
354
10938
1
29
